Material: CROWN
BaseColor: 0.8 0.43 0.075 1.0
Normal: None
Roughness: 1.0
Metallic: 0.5
Alpha: 1.000000
Emissive: None
Vertices:
-1.751809 0.748806 7.378752 0.681321 0.488339
-1.733035 0.817958 7.429989 0.681079 0.491291
-1.368871 0.740279 7.393125 0.686113 0.491205
-1.389828 0.671593 7.342108 0.686325 0.488254
-0.715838 0.377860 7.428612 0.696141 0.488086
-0.690813 0.444774 7.480149 0.695989 0.491037
-0.402982 0.238304 7.600696 0.700450 0.490960
-0.429728 0.172629 7.548434 0.700576 0.488010
-0.164516 0.002795 7.767067 0.704360 0.490893
-0.192693 -0.061468 7.713807 0.704463 0.487944
-0.192693 -0.061468 7.713807 0.703933 0.487953
-0.164516 0.002795 7.767067 0.703830 0.490903
0.015415 -0.252701 7.972869 0.699919 0.490969
-0.013842 -0.315433 7.918376 0.700047 0.488019
0.129901 -0.518368 8.210194 0.695458 0.491046
0.099959 -0.579508 8.154278 0.695612 0.488095
0.174538 -0.783996 8.469921 0.690617 0.491128
0.144327 -0.843543 8.412448 0.690800 0.488177
0.147615 -1.039377 8.742070 0.685583 0.491214
0.117563 -1.097391 8.682965 0.685796 0.488263
0.050160 -1.274696 9.016182 0.680549 0.491301
0.020696 -1.331301 8.955434 0.680792 0.488348
-0.114074 -1.480911 9.281722 0.675708 0.491383
-0.142553 -1.536279 9.219382 0.675980 0.488431
-0.338779 -1.650094 9.528485 0.671246 0.491460
-0.365913 -1.704448 9.464666 0.671546 0.488506
-0.615321 -1.775749 9.746991 0.667336 0.491526
-0.640795 -1.829349 9.681862 0.667659 0.488573
-0.640795 -1.829349 9.681862 0.704463 0.487944
-0.615321 -1.775749 9.746991 0.704360 0.490893
-0.933072 -1.853042 9.928841 0.700450 0.490960
-0.956644 -1.906180 9.862622 0.700576 0.488010
-1.279818 -1.879007 10.067046 0.695989 0.491037
-1.301312 -1.931987 9.999998 0.696141 0.488086
-1.642238 -1.852644 10.156298 0.691148 0.491119
-1.661559 -1.905783 10.088715 0.691329 0.488168
-2.006405 -1.774964 10.193162 0.686113 0.491205
-2.023540 -1.828569 10.125358 0.686325 0.488254
-2.358320 -1.648956 10.176226 0.681079 0.491291
-2.373345 -1.703316 10.108522 0.681321 0.488339
-2.684460 -1.479459 10.106136 0.676238 0.491374
-2.697530 -1.534835 10.038854 0.676509 0.488422
-2.972294 -1.272989 9.985590 0.671777 0.491450
-2.983637 -1.329605 9.919031 0.672075 0.488497
-3.210757 -1.037481 9.819220 0.667867 0.491517
-3.220671 -1.095507 9.753656 0.668188 0.488564
-3.220671 -1.095507 9.753656 0.667659 0.488573
-3.210757 -1.037481 9.819220 0.667336 0.491526
-3.390692 -0.781985 9.613420 0.671246 0.491460
-3.399526 -0.841542 9.549089 0.671546 0.488506
-3.505177 -0.516317 9.376094 0.675708 0.491383
-3.513324 -0.577468 9.313188 0.675980 0.488431
-3.549814 -0.250689 9.116366 0.680549 0.491301
-3.557696 -0.313433 9.055017 0.680792 0.488348
-3.522888 0.004691 8.844216 0.685583 0.491214
-3.530931 -0.059583 8.784499 0.685796 0.488263
-3.425437 0.240011 8.570105 0.690617 0.491128
-3.434064 0.174325 8.512032 0.690800 0.488177
-3.261203 0.446226 8.304564 0.695458 0.491046
-3.270812 0.379303 8.248083 0.695612 0.488095
-3.036497 0.615410 8.057800 0.699919 0.490969
-3.047455 0.547473 8.002799 0.700047 0.488019
-2.759956 0.741064 7.839295 0.703830 0.490903
-2.772570 0.672373 7.785604 0.703933 0.487953
-2.772570 0.672373 7.785604 0.668188 0.488564
-2.759956 0.741064 7.839295 0.667867 0.491517
-2.442204 0.818358 7.657445 0.671777 0.491450
-2.456725 0.749205 7.604843 0.672075 0.488497
-2.095455 0.844322 7.519239 0.676238 0.491374
-2.112056 0.775012 7.467467 0.676509 0.488422
-1.514867 0.238076 7.284213 0.685306 0.502443
-1.826483 0.304546 7.315758 0.681008 0.502384
-1.826790 0.313592 7.306523 0.680969 0.502439
-1.512707 0.246597 7.274727 0.685302 0.502498
-1.040024 0.546340 7.358944 0.691329 0.488168
-1.016954 0.614269 7.410062 0.691148 0.491119
-1.722645 0.512367 7.741954 0.682231 0.491272
-1.441822 0.452466 7.713525 0.686113 0.491205
-0.981424 1.304804 7.738942 0.687204 0.515316
-0.981424 1.304804 7.738942 0.687204 0.515316
-1.170444 0.355294 7.726587 0.689996 0.491139
-0.981424 1.304804 7.738942 0.687204 0.515316
-0.513090 -0.116240 8.001889 0.699654 0.490974
-0.374337 -0.313265 8.160592 0.696638 0.491025
0.023537 0.689425 8.050978 0.705822 0.514997
0.023537 0.689425 8.050978 0.705822 0.514997
-0.374337 -0.313265 8.160592 0.702659 0.490923
0.015415 -0.252701 7.972869 0.707569 0.490839
0.023537 0.689425 8.050978 0.702430 0.515055
0.023537 0.689425 8.050978 0.702430 0.515055
0.023537 0.689425 8.050978 0.705822 0.514997
0.023537 0.689425 8.050978 0.705822 0.514997
0.505442 -0.163620 8.776292 0.692119 0.515232
0.505442 -0.163620 8.776292 0.692119 0.515232
0.505442 -0.163620 8.776292 0.711586 0.514899
0.505442 -0.163620 8.776292 0.711586 0.514899
-0.286052 -0.518134 8.343605 0.693198 0.491084
-0.251629 -0.722972 8.543893 0.689465 0.491148
0.505442 -0.163620 8.776292 0.692119 0.515232
0.505442 -0.163620 8.776292 0.692119 0.515232
0.301861 -0.966802 9.670416 0.675639 0.515513
0.301861 -0.966802 9.670416 0.675639 0.515513
0.147615 -1.039377 8.742070 0.711918 0.490764
-0.272392 -0.919907 8.753758 0.706013 0.490865
0.301861 -0.966802 9.670416 0.711586 0.514899
0.301861 -0.966802 9.670416 0.711586 0.514899
-0.347541 -1.101372 8.965138 0.681701 0.491281
-0.481447 -1.255867 9.167569 0.678015 0.491344
0.301861 -0.966802 9.670416 0.675639 0.515513
0.301861 -0.966802 9.670416 0.675639 0.515513
-0.518587 -1.449397 10.431974 0.702430 0.515055
-0.518587 -1.449397 10.431974 0.702430 0.515055
-1.105758 -1.547363 9.668933 0.697169 0.491016
-1.373152 -1.567382 9.775507 0.693729 0.491075
-0.518587 -1.449397 10.431974 0.702430 0.515055
-0.518587 -1.449397 10.431974 0.702430 0.515055
-1.373152 -1.567382 9.775507 0.667198 0.491529
-1.279818 -1.879007 10.067046 0.661742 0.491622
-0.518587 -1.449397 10.431974 0.661936 0.515748
-0.518587 -1.449397 10.431974 0.661936 0.515748
-1.679362 -1.448745 10.804269 0.655629 0.515855
-1.679362 -1.448745 10.804269 0.655629 0.515855
-1.652628 -1.547053 9.844333 0.689996 0.491139
-1.933454 -1.487150 9.872761 0.686113 0.491205
-1.679362 -1.448745 10.804269 0.687204 0.515316
-1.679362 -1.448745 10.804269 0.687204 0.515316
-1.679362 -1.448745 10.804269 0.687204 0.515316
-1.679362 -1.448745 10.804269 0.687204 0.515316
-2.456333 -1.259273 9.805651 0.678498 0.491336
-2.678296 -1.100057 9.712695 0.675058 0.491394
-2.789208 -0.965056 10.661831 0.671041 0.515592
-2.789208 -0.965056 10.661831 0.671041 0.515592
-2.789208 -0.965056 10.661831 0.671041 0.515592
-2.789208 -0.965056 10.661831 0.671041 0.515592
-2.204830 -1.389980 9.859700 0.682231 0.491272
-2.789208 -0.965056 10.661831 0.671041 0.515592
-2.862186 -0.918444 9.584396 0.671512 0.491455
-3.000939 -0.721419 9.425694 0.674527 0.491403
-3.423062 -0.310115 10.189742 0.667929 0.515645
-3.423062 -0.310115 10.189742 0.667929 0.515645
-3.423062 -0.310115 10.189742 0.667929 0.515645
-3.423062 -0.310115 10.189742 0.667929 0.515645
-3.571778 0.420217 9.483984 0.681097 0.515420
-3.571778 0.420217 9.483984 0.681097 0.515420
-3.102884 -0.114778 8.832528 0.685583 0.491214
-3.027731 0.066686 8.621149 0.689465 0.491148
-3.571778 0.420217 9.483984 0.681097 0.515420
-3.571778 0.420217 9.483984 0.681097 0.515420
-3.027731 0.066686 8.621149 0.666596 0.491539
-3.425437 0.240011 8.570105 0.660804 0.491638
-3.571778 0.420217 9.483984 0.656172 0.515846
-3.571778 0.420217 9.483984 0.656172 0.515846
-3.143444 1.142921 8.600677 0.659387 0.515791
-3.143444 1.142921 8.600677 0.659387 0.515791
-2.901085 0.225709 8.416378 0.693198 0.491084
-2.727803 0.356173 8.226089 0.696638 0.491025
-3.143444 1.142921 8.600677 0.697260 0.515144
-3.143444 1.142921 8.600677 0.697260 0.515144
-3.143444 1.142921 8.600677 0.697260 0.515144
-3.143444 1.142921 8.600677 0.697260 0.515144
-2.269519 0.512676 7.917356 0.675058 0.491394
-2.002124 0.532698 7.810779 0.678498 0.491336
-2.170703 1.475108 7.945373 0.671041 0.515592
-2.170703 1.475108 7.945373 0.671041 0.515592
-2.170703 1.475108 7.945373 0.671041 0.515592
-2.170703 1.475108 7.945373 0.671041 0.515592
-2.514550 0.453072 8.057588 0.672042 0.491446
-2.170703 1.475108 7.945373 0.671041 0.515592
-0.981424 1.304804 7.738942 0.687204 0.515316
-0.981424 1.304804 7.738942 0.687204 0.515316
-1.544302 0.117736 7.456534 0.687158 0.476627
-1.281993 0.023812 7.469159 0.690910 0.476563
-2.136607 0.327105 7.392131 0.676893 0.502063
-2.139370 0.336331 7.383500 0.676823 0.502114
-2.433321 0.304888 7.510393 0.673121 0.501490
-2.438433 0.313938 7.502699 0.673021 0.501537
-2.705222 0.238747 7.666003 0.669837 0.500689
-2.712487 0.247273 7.659541 0.669711 0.500730
-2.941860 0.131225 7.852979 0.667166 0.499690
-2.950998 0.138899 7.847997 0.667018 0.499723
-3.134140 -0.013548 8.064137 0.665211 0.498532
-3.144803 -0.007019 8.060826 0.665048 0.498556
-3.274678 -0.190006 8.291361 0.664047 0.497259
-3.286452 -0.184874 8.289848 0.663875 0.497273
-3.358067 -0.391369 8.525917 0.663719 0.495920
-3.370500 -0.387832 8.526263 0.663545 0.495923
-3.381108 -0.609899 8.758797 0.664240 0.494567
-3.393724 -0.608093 8.760987 0.664070 0.494559
-3.342909 -0.837198 8.981047 0.665590 0.493250
-3.355225 -0.837191 8.984996 0.665430 0.493232
-3.244943 -1.064532 9.184128 0.667716 0.492023
-3.256485 -1.066324 9.189685 0.667573 0.491995
-3.090977 -1.283159 9.360231 0.670537 0.490930
-3.101296 -1.286685 9.367186 0.670416 0.490893
-2.886921 -1.484685 9.502596 0.673945 0.490015
-2.895625 -1.489805 9.510674 0.673851 0.489971
-2.640621 -1.661363 9.605748 0.677808 0.489312
-2.647375 -1.667882 9.614645 0.677745 0.489262
-2.361541 -1.806400 9.665722 0.681979 0.488848
-2.366085 -1.814069 9.675095 0.681948 0.488795
-2.060408 -1.914227 9.680216 0.686296 0.488642
-2.062567 -1.922747 9.689701 0.686300 0.488587
-1.748788 -1.980697 9.648669 0.690594 0.488701
-1.748482 -1.989746 9.657907 0.690632 0.488647
-1.438664 -2.003257 9.572299 0.694708 0.489023
-1.435901 -2.012484 9.580931 0.694779 0.488971
-1.141950 -1.981039 9.454035 0.698480 0.489595
-1.136838 -1.990091 9.461732 0.698581 0.489548
-0.870049 -1.914899 9.298425 0.701765 0.490396
-0.862785 -1.923426 9.304890 0.701891 0.490355
-0.633411 -1.807376 9.111448 0.704436 0.491395
-0.624273 -1.815053 9.116433 0.704583 0.491362
-0.441132 -1.662604 8.900292 0.706391 0.492553
-0.430469 -1.669133 8.903603 0.706554 0.492529
-0.300596 -1.486145 8.673069 0.707554 0.493826
-0.288819 -1.491278 8.674581 0.707727 0.493813
-0.217204 -1.284782 8.438510 0.707882 0.495165
-0.204768 -1.288320 8.438165 0.708057 0.495162
-0.194167 -1.066253 8.205633 0.707361 0.496519
-0.181547 -1.068059 8.203442 0.707532 0.496526
-0.232363 -0.838954 7.983383 0.706012 0.497835
-0.220046 -0.838961 7.979433 0.706172 0.497853
-0.330325 -0.611622 7.780303 0.703886 0.499063
-0.318787 -0.609829 7.774745 0.704029 0.499090
-0.484294 -0.392992 7.604197 0.701065 0.500155
-0.473975 -0.389468 7.597245 0.701186 0.500192
-0.688350 -0.191466 7.461832 0.697657 0.501071
-0.679646 -0.186347 7.453753 0.697751 0.501114
-0.934650 -0.014790 7.358682 0.693794 0.501774
-0.927896 -0.008271 7.349785 0.693857 0.501823
-1.213730 0.130249 7.298706 0.689623 0.502237
-1.209187 0.137916 7.289336 0.689653 0.502290
-1.038899 -0.102525 7.521400 0.694518 0.476501
-0.918944 0.224589 7.780635 0.693729 0.491075
-0.824356 -0.256421 7.611252 0.697844 0.476444
-0.696981 0.065370 7.873593 0.697169 0.491016
-0.646610 -0.431962 7.735259 0.700758 0.476395
-0.513090 -0.116240 8.001889 0.700184 0.490965
-0.646610 -0.431962 7.735259 0.700230 0.476404
-0.512495 -0.622402 7.888659 0.697315 0.476453
-0.427163 -0.820422 8.065554 0.693990 0.476510
-0.393890 -1.018413 8.259146 0.690382 0.476572
-0.413959 -1.208765 8.461997 0.686629 0.476636
-0.272392 -0.919907 8.753758 0.685583 0.491214
-0.486596 -1.384166 8.666311 0.682877 0.476700
-0.609014 -1.537871 8.864237 0.679269 0.476762
-0.776502 -1.663978 9.048169 0.675943 0.476819
-0.647473 -1.390859 9.360199 0.674527 0.491403
-0.982626 -1.757635 9.211035 0.673029 0.476869
-0.860726 -1.487756 9.528698 0.671512 0.491455
-0.982626 -1.757635 9.211035 0.700758 0.476395
-1.219469 -1.815249 9.346581 0.697844 0.476444
-0.860726 -1.487756 9.528698 0.700184 0.490965
-1.477926 -1.834600 9.449594 0.694518 0.476501
-1.748061 -1.814949 9.516118 0.690910 0.476563
-2.019501 -1.757050 9.543597 0.687158 0.476627
-2.281806 -1.663126 9.530972 0.683405 0.476691
-2.524900 -1.536790 9.478731 0.679797 0.476753
-2.739444 -1.382895 9.388881 0.676472 0.476810
-2.917189 -1.207351 9.264872 0.673557 0.476860
-2.862186 -0.918444 9.584396 0.672042 0.491446
-2.917189 -1.207351 9.264872 0.673029 0.476869
-3.051304 -1.016913 9.111474 0.675943 0.476819
-3.136636 -0.818893 8.934579 0.679269 0.476762
-3.080801 -0.516484 9.239906 0.678015 0.491344
-3.169910 -0.620901 8.740986 0.682877 0.476700
-3.123644 -0.311714 9.042395 0.681701 0.491281
-3.149840 -0.430548 8.538134 0.686629 0.476636
-3.077203 -0.255149 8.333820 0.690382 0.476572
-2.954786 -0.101444 8.135895 0.693990 0.476510
-2.787298 0.024662 7.951964 0.697315 0.476453
-2.581172 0.118321 7.789096 0.700230 0.476404
-2.514550 0.453072 8.057588 0.699654 0.490974
-2.581172 0.118321 7.789096 0.673557 0.476860
-2.344330 0.175933 7.653551 0.676472 0.476810
-2.085874 0.195285 7.550537 0.679797 0.476753
-1.815738 0.175635 7.484013 0.683405 0.476691
0.301861 -0.966802 9.670416 0.713192 0.492511
0.301861 -0.966802 9.670416 0.713192 0.492511
0.301861 -0.966802 9.670416 0.713192 0.492511
0.301861 -0.966802 9.670416 0.713192 0.492511
0.301861 -0.966802 9.670416 0.713192 0.492511
0.301861 -0.966802 9.670416 0.713192 0.492511
0.301861 -0.966802 9.670416 0.713192 0.492511
0.301861 -0.966802 9.670416 0.713192 0.492511
-0.647473 -1.390859 9.360199 0.702659 0.490923
-0.338779 -1.650094 9.528485 0.707569 0.490839
0.301861 -0.966802 9.670416 0.711586 0.514899
0.301861 -0.966802 9.670416 0.711586 0.514899
0.301861 -0.966802 9.670416 0.675639 0.515513
0.301861 -0.966802 9.670416 0.675639 0.515513
0.301861 -0.966802 9.670416 0.675639 0.515513
0.301861 -0.966802 9.670416 0.675639 0.515513
0.505442 -0.163620 8.776292 0.712823 0.497662
0.505442 -0.163620 8.776292 0.712823 0.497662
0.505442 -0.163620 8.776292 0.712823 0.497662
0.505442 -0.163620 8.776292 0.712823 0.497662
0.505442 -0.163620 8.776292 0.712823 0.497662
0.505442 -0.163620 8.776292 0.712823 0.497662
0.505442 -0.163620 8.776292 0.712823 0.497662
0.505442 -0.163620 8.776292 0.712823 0.497662
0.505442 -0.163620 8.776292 0.692119 0.515232
0.505442 -0.163620 8.776292 0.692119 0.515232
0.505442 -0.163620 8.776292 0.711586 0.514899
0.505442 -0.163620 8.776292 0.711586 0.514899
0.505442 -0.163620 8.776292 0.692119 0.515232
0.505442 -0.163620 8.776292 0.692119 0.515232
0.023537 0.689425 8.050978 0.703360 0.502101
0.023537 0.689425 8.050978 0.703360 0.502101
0.023537 0.689425 8.050978 0.703360 0.502101
0.023537 0.689425 8.050978 0.703360 0.502101
0.023537 0.689425 8.050978 0.703360 0.502101
0.023537 0.689425 8.050978 0.703360 0.502101
0.023537 0.689425 8.050978 0.703360 0.502101
0.023537 0.689425 8.050978 0.703360 0.502101
0.023537 0.689425 8.050978 0.702430 0.515055
0.023537 0.689425 8.050978 0.702430 0.515055
0.023537 0.689425 8.050978 0.702430 0.515055
0.023537 0.689425 8.050978 0.702430 0.515055
0.023537 0.689425 8.050978 0.702430 0.515055
0.023537 0.689425 8.050978 0.702430 0.515055
-0.690813 0.444774 7.480149 0.709424 0.490807
-0.918944 0.224589 7.780635 0.703967 0.490900
0.023537 0.689425 8.050978 0.705822 0.514997
0.023537 0.689425 8.050978 0.705822 0.514997
-0.981424 1.304804 7.738942 0.687992 0.504332
-0.981424 1.304804 7.738942 0.687992 0.504332
-0.981424 1.304804 7.738942 0.687992 0.504332
-0.981424 1.304804 7.738942 0.687992 0.504332
-0.981424 1.304804 7.738942 0.687992 0.504332
-0.981424 1.304804 7.738942 0.687992 0.504332
-0.981424 1.304804 7.738942 0.687992 0.504332
-0.981424 1.304804 7.738942 0.687992 0.504332
-0.981424 1.304804 7.738942 0.712129 0.514890
-0.981424 1.304804 7.738942 0.712129 0.514890
-0.981424 1.304804 7.738942 0.687204 0.515316
-0.981424 1.304804 7.738942 0.687204 0.515316
-1.733035 0.817958 7.429989 0.710892 0.490782
-1.722645 0.512367 7.741954 0.705100 0.490881
-0.981424 1.304804 7.738942 0.712129 0.514890
-0.981424 1.304804 7.738942 0.712129 0.514890
-0.981424 1.304804 7.738942 0.687204 0.515316
-0.518587 -1.449397 10.431974 0.704343 0.488386
-0.518587 -1.449397 10.431974 0.704343 0.488386
-0.518587 -1.449397 10.431974 0.704343 0.488386
-0.518587 -1.449397 10.431974 0.704343 0.488386
-0.518587 -1.449397 10.431974 0.704343 0.488386
-0.518587 -1.449397 10.431974 0.704343 0.488386
-0.518587 -1.449397 10.431974 0.704343 0.488386
-0.518587 -1.449397 10.431974 0.704343 0.488386
-0.518587 -1.449397 10.431974 0.661936 0.515748
-0.518587 -1.449397 10.431974 0.661936 0.515748
-0.518587 -1.449397 10.431974 0.661936 0.515748
-0.518587 -1.449397 10.431974 0.661936 0.515748
-0.518587 -1.449397 10.431974 0.702430 0.515055
-0.518587 -1.449397 10.431974 0.702430 0.515055
-0.518587 -1.449397 10.431974 0.702430 0.515055
-0.518587 -1.449397 10.431974 0.702430 0.515055
-1.679362 -1.448745 10.804269 0.689259 0.486675
-1.679362 -1.448745 10.804269 0.689259 0.486675
-1.679362 -1.448745 10.804269 0.689259 0.486675
-1.679362 -1.448745 10.804269 0.689259 0.486675
-1.679362 -1.448745 10.804269 0.689259 0.486675
-1.679362 -1.448745 10.804269 0.689259 0.486675
-1.679362 -1.448745 10.804269 0.689259 0.486675
-1.679362 -1.448745 10.804269 0.689259 0.486675
-1.679362 -1.448745 10.804269 0.687204 0.515316
-2.204830 -1.389980 9.859700 0.666066 0.491548
-2.358320 -1.648956 10.176226 0.660274 0.491647
-1.679362 -1.448745 10.804269 0.655629 0.515855
-1.679362 -1.448745 10.804269 0.655629 0.515855
-1.679362 -1.448745 10.804269 0.687204 0.515316
-1.679362 -1.448745 10.804269 0.687204 0.515316
-1.679362 -1.448745 10.804269 0.687204 0.515316
-2.170703 1.475108 7.945373 0.671901 0.503603
-2.170703 1.475108 7.945373 0.671901 0.503603
-2.170703 1.475108 7.945373 0.671901 0.503603
-2.170703 1.475108 7.945373 0.671901 0.503603
-2.170703 1.475108 7.945373 0.671901 0.503603
-2.170703 1.475108 7.945373 0.671901 0.503603
-2.170703 1.475108 7.945373 0.671901 0.503603
-2.170703 1.475108 7.945373 0.671901 0.503603
-2.170703 1.475108 7.945373 0.671041 0.515592
-2.170703 1.475108 7.945373 0.671041 0.515592
-2.170703 1.475108 7.945373 0.708914 0.514945
-2.170703 1.475108 7.945373 0.708914 0.514945
-2.170703 1.475108 7.945373 0.671041 0.515592
-3.143444 1.142921 8.600677 0.660509 0.500161
-3.143444 1.142921 8.600677 0.660509 0.500161
-3.143444 1.142921 8.600677 0.660509 0.500161
-3.143444 1.142921 8.600677 0.660509 0.500161
-3.143444 1.142921 8.600677 0.660509 0.500161
-3.143444 1.142921 8.600677 0.660509 0.500161
-3.143444 1.142921 8.600677 0.660509 0.500161
-3.143444 1.142921 8.600677 0.660509 0.500161
-3.143444 1.142921 8.600677 0.697260 0.515144
-3.143444 1.142921 8.600677 0.659387 0.515791
-3.143444 1.142921 8.600677 0.659387 0.515791
-3.143444 1.142921 8.600677 0.697260 0.515144
-3.143444 1.142921 8.600677 0.697260 0.515144
-3.143444 1.142921 8.600677 0.697260 0.515144
-3.571778 0.420217 9.483984 0.657656 0.495164
-3.571778 0.420217 9.483984 0.657656 0.495164
-3.571778 0.420217 9.483984 0.657656 0.495164
-3.571778 0.420217 9.483984 0.657656 0.495164
-3.571778 0.420217 9.483984 0.657656 0.495164
-3.571778 0.420217 9.483984 0.657656 0.495164
-3.571778 0.420217 9.483984 0.657656 0.495164
-3.571778 0.420217 9.483984 0.657656 0.495164
-3.571778 0.420217 9.483984 0.681097 0.515420
-3.571778 0.420217 9.483984 0.681097 0.515420
-3.571778 0.420217 9.483984 0.681097 0.515420
-3.571778 0.420217 9.483984 0.681097 0.515420
-3.505177 -0.516317 9.376094 0.662273 0.491613
-3.080801 -0.516484 9.239906 0.667839 0.491518
-3.571778 0.420217 9.483984 0.656172 0.515846
-3.571778 0.420217 9.483984 0.656172 0.515846
-2.789208 -0.965056 10.661831 0.673023 0.487956
-2.789208 -0.965056 10.661831 0.673023 0.487956
-2.789208 -0.965056 10.661831 0.673023 0.487956
-2.789208 -0.965056 10.661831 0.673023 0.487956
-2.789208 -0.965056 10.661831 0.673023 0.487956
-2.789208 -0.965056 10.661831 0.673023 0.487956
-2.789208 -0.965056 10.661831 0.673023 0.487956
-2.789208 -0.965056 10.661831 0.673023 0.487956
-2.789208 -0.965056 10.661831 0.671041 0.515592
-2.789208 -0.965056 10.661831 0.658845 0.515800
-2.789208 -0.965056 10.661831 0.658845 0.515800
-2.789208 -0.965056 10.661831 0.671041 0.515592
-2.789208 -0.965056 10.661831 0.658845 0.515800
-2.789208 -0.965056 10.661831 0.658845 0.515800
-2.789208 -0.965056 10.661831 0.671041 0.515592
-3.423062 -0.310115 10.189742 0.662329 0.490974
-3.423062 -0.310115 10.189742 0.662329 0.490974
-3.423062 -0.310115 10.189742 0.662329 0.490974
-3.423062 -0.310115 10.189742 0.662329 0.490974
-3.423062 -0.310115 10.189742 0.662329 0.490974
-3.423062 -0.310115 10.189742 0.662329 0.490974
-3.423062 -0.310115 10.189742 0.660550 0.515771
-3.423062 -0.310115 10.189742 0.660550 0.515771
-3.423062 -0.310115 10.189742 0.667929 0.515645
-3.423062 -0.310115 10.189742 0.667929 0.515645
-1.471700 0.404154 7.137685 0.687158 0.476627
-1.129249 0.281532 7.154168 0.692057 0.476543
-1.155038 0.231839 7.186362 0.691939 0.475918
-1.486089 0.350377 7.170430 0.687203 0.475999
-1.486089 0.350377 7.170430 0.685257 0.503129
-1.155038 0.231839 7.186362 0.690003 0.502902
-0.811875 0.116593 7.222372 0.696767 0.476463
-0.848232 0.072392 7.252295 0.696492 0.475841
-0.848232 0.072392 7.252295 0.694588 0.502393
-0.531781 -0.084325 7.339676 0.701109 0.476389
-0.577464 -0.121836 7.365694 0.700689 0.475769
-0.577464 -0.121836 7.365694 0.698835 0.501620
-0.299727 -0.313502 7.501574 0.704914 0.476324
-0.353138 -0.343382 7.522202 0.704368 0.475706
-0.353138 -0.343382 7.522202 0.702581 0.500614
-0.299727 -0.313502 7.501574 0.704385 0.476333
-0.124632 -0.562131 7.701844 0.700580 0.476398
-0.183873 -0.583731 7.715801 0.700161 0.475778
-0.353138 -0.343382 7.522202 0.703839 0.475715
-0.183873 -0.583731 7.715801 0.705682 0.499412
-0.013226 -0.820656 7.932789 0.696239 0.476472
-0.076176 -0.833647 7.939055 0.695964 0.475850
-0.076176 -0.833647 7.939055 0.708020 0.498062
0.030212 -1.079141 8.185533 0.691528 0.476552
-0.034186 -1.083525 8.183384 0.691410 0.475927
-0.034186 -1.083525 8.183384 0.709503 0.496616
0.004014 -1.327657 8.450365 0.686629 0.476636
-0.059513 -1.323765 8.439397 0.686674 0.476008
-0.059513 -1.323765 8.439397 0.710076 0.495128
-0.090821 -1.556649 8.717107 0.681730 0.476720
-0.151189 -1.545132 8.697257 0.681938 0.476089
-0.151189 -1.545132 8.697257 0.709715 0.493656
-0.250641 -1.757321 8.975511 0.677020 0.476801
-0.305685 -1.739120 8.947053 0.677385 0.476167
-0.305685 -1.739120 8.947053 0.708436 0.492256
-0.469305 -1.921957 9.215639 0.672678 0.476875
-0.517068 -1.898274 9.179187 0.673188 0.476239
-0.517068 -1.898274 9.179187 0.706287 0.490983
-0.738412 -2.044233 9.428271 0.668873 0.476940
-0.777216 -2.016479 9.384740 0.669509 0.476302
-0.777216 -2.016479 9.384740 0.703351 0.489885
-0.738412 -2.044233 9.428271 0.704914 0.476324
-1.047621 -2.119449 9.605232 0.701109 0.476389
-1.076126 -2.089189 9.555806 0.700689 0.475769
-0.777216 -2.016479 9.384740 0.704368 0.475706
-1.076126 -2.089189 9.555806 0.699740 0.489004
-1.385045 -2.144714 9.739721 0.696767 0.476463
-1.402315 -2.113614 9.685817 0.696492 0.475841
-1.402315 -2.113614 9.685817 0.695593 0.488375
-1.737722 -2.119059 9.826571 0.692057 0.476543
-1.743250 -2.088814 9.769777 0.691939 0.475918
-1.743250 -2.088814 9.769777 0.691070 0.488021
-2.092099 -2.043467 9.862446 0.687158 0.476627
-2.085825 -2.015738 9.804455 0.687203 0.475999
-2.085825 -2.015738 9.804455 0.686345 0.487956
-2.434551 -1.920847 9.845964 0.682259 0.476711
-2.416874 -1.897202 9.788524 0.682467 0.476080
-2.416874 -1.897202 9.788524 0.681599 0.488183
-2.751924 -1.755908 9.777760 0.677548 0.476791
-2.723679 -1.737754 9.722589 0.677913 0.476158
-2.723679 -1.737754 9.722589 0.677014 0.488693
-3.032018 -1.554990 9.660456 0.673207 0.476866
-2.994447 -1.543526 9.609191 0.673716 0.476230
-2.994447 -1.543526 9.609191 0.672767 0.489465
-3.264073 -1.325813 9.498558 0.669402 0.476931
-3.218773 -1.321982 9.452685 0.670038 0.476293
-3.218773 -1.321982 9.452685 0.669021 0.490472
-3.264073 -1.325813 9.498558 0.668873 0.476940
-3.439167 -1.077184 9.298288 0.672678 0.476875
-3.388038 -1.081633 9.259086 0.673188 0.476239
-3.218773 -1.321982 9.452685 0.669509 0.476302
-3.388038 -1.081633 9.259086 0.665919 0.491673
-3.550574 -0.818660 9.067345 0.677020 0.476801
-3.495735 -0.831715 9.035829 0.677385 0.476167
-3.495735 -0.831715 9.035829 0.663582 0.493023
-3.594011 -0.560173 8.814599 0.681730 0.476720
-3.537724 -0.581837 8.791501 0.681938 0.476089
-3.537724 -0.581837 8.791501 0.662098 0.494470
-3.567810 -0.311657 8.549766 0.686629 0.476636
-3.512398 -0.341597 8.535487 0.686674 0.476008
-3.512398 -0.341597 8.535487 0.661526 0.495958
-3.472978 -0.082665 8.283023 0.691528 0.476552
-3.420722 -0.120230 8.277628 0.691410 0.475927
-3.420722 -0.120230 8.277628 0.661886 0.497430
-3.313159 0.118005 8.024623 0.696239 0.476472
-3.266226 0.073758 8.027832 0.695964 0.475850
-3.266226 0.073758 8.027832 0.663165 0.498829
-3.094495 0.282642 7.784492 0.700580 0.476398
-3.054843 0.232912 7.795698 0.700161 0.475778
-3.054843 0.232912 7.795698 0.665315 0.500102
-2.825387 0.404918 7.571860 0.704385 0.476333
-2.794696 0.351115 7.590147 0.703839 0.475715
-2.794696 0.351115 7.590147 0.668251 0.501200
-2.825387 0.404918 7.571860 0.669402 0.476931
-2.516178 0.480134 7.394899 0.673207 0.476866
-2.495785 0.423827 7.419079 0.673716 0.476230
-2.794696 0.351115 7.590147 0.670038 0.476293
-2.495785 0.423827 7.419079 0.671862 0.502081
-2.178754 0.505400 7.260409 0.677548 0.476791
-2.169595 0.448252 7.289067 0.677913 0.476158
-2.169595 0.448252 7.289067 0.676008 0.502710
-1.826077 0.479745 7.173559 0.682259 0.476711
-1.828662 0.423450 7.205109 0.682467 0.476080
-1.828662 0.423450 7.205109 0.680531 0.503064
-1.264461 0.047216 7.412013 0.689274 0.501626
-1.538097 0.145196 7.398844 0.685351 0.501813
-1.538097 0.145196 7.398844 0.687203 0.475999
-1.264461 0.047216 7.412013 0.691117 0.475932
-1.010867 -0.084577 7.466511 0.693064 0.501205
-1.010867 -0.084577 7.466511 0.694881 0.475868
-0.787060 -0.245121 7.560244 0.696574 0.500566
-0.787060 -0.245121 7.560244 0.698350 0.475809
-0.601638 -0.428243 7.689607 0.699671 0.499734
-0.601638 -0.428243 7.689607 0.701391 0.475757
-0.461731 -0.626907 7.849630 0.702234 0.498741
-0.601638 -0.428243 7.689607 0.700862 0.475766
-0.461731 -0.626907 7.849630 0.697822 0.475818
-0.372709 -0.833480 8.034164 0.704166 0.497625
-0.372709 -0.833480 8.034164 0.694353 0.475877
-0.338002 -1.040021 8.236118 0.705392 0.496430
-0.338002 -1.040021 8.236118 0.690589 0.475941
-0.358935 -1.238595 8.447730 0.705866 0.495200
-0.358935 -1.238595 8.447730 0.686674 0.476008
-0.434712 -1.421569 8.660869 0.705568 0.493983
-0.434712 -1.421569 8.660869 0.682760 0.476075
-0.562413 -1.581914 8.867342 0.704510 0.492826
-0.562413 -1.581914 8.867342 0.678996 0.476140
-0.737139 -1.713464 9.059216 0.702734 0.491774
-0.737139 -1.713464 9.059216 0.675527 0.476199
-0.952166 -1.811168 9.229117 0.700307 0.490866
-0.952166 -1.811168 9.229117 0.672486 0.476251
-1.199237 -1.871268 9.370516 0.697322 0.490138
-0.952166 -1.811168 9.229117 0.701391 0.475757
-1.199237 -1.871268 9.370516 0.698350 0.475809
-1.468854 -1.891457 9.477979 0.693895 0.489618
-1.468854 -1.891457 9.477979 0.694881 0.475868
-1.750657 -1.870958 9.547378 0.690156 0.489326
-1.750657 -1.870958 9.547378 0.691117 0.475932
-2.033818 -1.810557 9.576041 0.686251 0.489272
-2.033818 -1.810557 9.576041 0.687203 0.475999
-2.307450 -1.712579 9.562873 0.682328 0.489460
-2.307450 -1.712579 9.562873 0.683288 0.476066
-2.561044 -1.580785 9.508373 0.678538 0.489881
-2.561044 -1.580785 9.508373 0.679524 0.476131
-2.784852 -1.420243 9.414642 0.675027 0.490519
-2.784852 -1.420243 9.414642 0.676055 0.476190
-2.970273 -1.237121 9.285279 0.671931 0.491351
-2.970273 -1.237121 9.285279 0.673015 0.476242
-3.110181 -1.038456 9.125256 0.669367 0.492344
-2.970273 -1.237121 9.285279 0.672486 0.476251
-3.110181 -1.038456 9.125256 0.675527 0.476199
-3.199203 -0.831883 8.940722 0.667435 0.493460
-3.199203 -0.831883 8.940722 0.678996 0.476140
-3.233910 -0.625342 8.738768 0.666209 0.494656
-3.233910 -0.625342 8.738768 0.682760 0.476075
-3.212976 -0.426767 8.527155 0.665736 0.495886
-3.212976 -0.426767 8.527155 0.686674 0.476008
-3.137199 -0.243794 8.314017 0.666034 0.497102
-3.137199 -0.243794 8.314017 0.690589 0.475941
-3.009498 -0.083449 8.107544 0.667091 0.498259
-3.009498 -0.083449 8.107544 0.694353 0.475877
-2.834773 0.048101 7.915670 0.668868 0.499312
-2.834773 0.048101 7.915670 0.697822 0.475818
-2.619745 0.145805 7.745769 0.671295 0.500219
-2.619745 0.145805 7.745769 0.700862 0.475766
-2.372674 0.205905 7.604370 0.674279 0.500947
-2.619745 0.145805 7.745769 0.673015 0.476242
-2.372674 0.205905 7.604370 0.676055 0.476190
-2.103057 0.226095 7.496905 0.677707 0.501467
-2.103057 0.226095 7.496905 0.679524 0.476131
-1.821254 0.205595 7.427508 0.681445 0.501760
-1.821254 0.205595 7.427508 0.683288 0.476066
-1.440376 0.506809 7.214151 0.686841 0.481043
-1.094827 0.383080 7.230782 0.691784 0.480959
-0.774585 0.216650 7.299601 0.696537 0.480878
-2.153815 0.608970 7.337984 0.677144 0.481209
-1.797950 0.583082 7.250349 0.681898 0.481128
-2.494289 0.583475 7.473690 0.672764 0.481284
-2.806292 0.507579 7.652249 0.668924 0.481350
-3.077830 0.384199 7.866801 0.700389 0.480812
-2.806292 0.507579 7.652249 0.704229 0.480746
-3.298470 0.218075 8.109101 0.696009 0.480887
-3.459735 0.015591 8.369838 0.691256 0.480968
-3.555424 -0.215470 8.638989 0.686312 0.481052
-3.581862 -0.466231 8.906216 0.681369 0.481137
-3.538030 -0.727052 9.161242 0.676616 0.481218
-3.425617 -0.987914 9.394276 0.672235 0.481293
-3.248941 -1.238790 9.596355 0.668396 0.481359
-3.014789 -1.470038 9.759716 0.672764 0.481284
-3.248941 -1.238790 9.596355 0.668924 0.481350
-2.732164 -1.672771 9.878080 0.677144 0.481209
-2.411922 -1.839200 9.946899 0.681898 0.481128
-2.066376 -1.962928 9.963530 0.686841 0.481043
-1.708799 -2.039202 9.927332 0.691784 0.480959
-1.352934 -2.065091 9.839698 0.696537 0.480878
-1.012461 -2.039597 9.703994 0.700918 0.480803
-0.700458 -1.963702 9.525434 0.704758 0.480737
-0.428919 -1.840320 9.310881 0.672235 0.481293
-0.700458 -1.963702 9.525434 0.668396 0.481359
-0.208279 -1.674195 9.068579 0.676616 0.481218
-0.047014 -1.471713 8.807844 0.681369 0.481137
0.048675 -1.240650 8.538691 0.686312 0.481052
0.075113 -0.989891 8.271466 0.691256 0.480968
0.031281 -0.729068 8.016438 0.696009 0.480887
-0.081132 -0.468207 7.783406 0.700389 0.480812
-0.257809 -0.217333 7.581327 0.704229 0.480746
-0.491960 0.013915 7.417967 0.700918 0.480803
-0.257809 -0.217333 7.581327 0.704758 0.480737
Indices:
0 1 2
0 2 3
4 5 6
4 6 7
7 6 8
7 8 9
10 11 12
10 12 13
13 12 14
13 14 15
15 14 16
15 16 17
17 16 18
17 18 19
19 18 20
19 20 21
21 20 22
21 22 23
23 22 24
23 24 25
25 24 26
25 26 27
28 29 30
28 30 31
31 30 32
31 32 33
33 32 34
33 34 35
35 34 36
35 36 37
37 36 38
37 38 39
39 38 40
39 40 41
41 40 42
41 42 43
43 42 44
43 44 45
46 47 48
46 48 49
49 48 50
49 50 51
51 50 52
51 52 53
53 52 54
53 54 55
55 54 56
55 56 57
57 56 58
57 58 59
59 58 60
59 60 61
61 60 62
61 62 63
64 65 66
64 66 67
67 66 68
67 68 69
69 68 1
69 1 0
70 71 72
70 72 73
74 75 5
74 5 4
76 77 78
76 78 79
77 80 81
77 81 78
82 83 84
82 84 85
86 87 88
86 88 89
12 11 90
12 90 91
18 16 92
18 92 93
87 86 94
87 94 95
96 97 98
96 98 99
20 18 100
20 100 101
102 103 104
102 104 105
106 107 108
106 108 109
32 30 110
32 110 111
112 113 114
112 114 115
116 117 118
116 118 119
117 116 120
117 120 121
122 123 124
122 124 125
36 34 126
36 126 127
128 129 130
128 130 131
42 40 132
42 132 133
134 128 131
134 131 135
136 137 138
136 138 139
50 48 140
50 140 141
56 54 142
56 142 143
144 145 146
144 146 147
148 149 150
148 150 151
149 148 152
149 152 153
154 155 156
154 156 157
60 58 158
60 158 159
160 161 162
160 162 163
68 66 164
68 164 165
166 160 163
166 163 167
75 2 168
75 168 169
170 171 80
170 80 77
71 172 173
71 173 72
172 174 175
172 175 173
174 176 177
174 177 175
176 178 179
176 179 177
178 180 181
178 181 179
180 182 183
180 183 181
182 184 185
182 185 183
184 186 187
184 187 185
186 188 189
186 189 187
188 190 191
188 191 189
190 192 193
190 193 191
192 194 195
192 195 193
194 196 197
194 197 195
196 198 199
196 199 197
198 200 201
198 201 199
200 202 203
200 203 201
202 204 205
202 205 203
204 206 207
204 207 205
206 208 209
206 209 207
208 210 211
208 211 209
210 212 213
210 213 211
212 214 215
212 215 213
214 216 217
214 217 215
216 218 219
216 219 217
218 220 221
218 221 219
220 222 223
220 223 221
222 224 225
222 225 223
224 226 227
224 227 225
226 228 229
226 229 227
228 230 231
228 231 229
171 232 233
171 233 80
232 234 235
232 235 233
234 236 237
234 237 235
238 239 83
238 83 82
239 240 96
239 96 83
240 241 97
240 97 96
241 242 243
241 243 97
242 244 106
242 106 243
244 245 107
244 107 106
245 246 247
245 247 107
246 248 249
246 249 247
250 251 112
250 112 252
251 253 113
251 113 112
253 254 122
253 122 113
254 255 123
254 123 122
255 256 134
255 134 123
256 257 128
256 128 134
257 258 129
257 129 128
258 259 260
258 260 129
261 262 137
261 137 136
262 263 264
262 264 137
263 265 266
263 266 264
265 267 144
265 144 266
267 268 145
267 145 144
268 269 154
268 154 145
269 270 155
269 155 154
270 271 272
270 272 155
273 274 160
273 160 166
274 275 161
274 161 160
275 276 76
275 76 161
3 2 75
3 75 74
230 70 73
230 73 231
277 278 279
277 279 280
278 281 282
278 282 279
281 283 284
281 284 282
285 286 287
285 287 288
107 247 289
107 289 108
22 20 101
22 101 290
243 106 109
243 109 291
24 22 290
24 290 292
293 294 295
293 295 296
294 297 298
294 298 295
297 299 300
297 300 298
14 12 301
14 301 302
103 102 303
103 303 304
97 243 305
97 305 98
83 96 99
83 99 306
16 14 302
16 302 92
307 308 309
307 309 310
308 311 312
308 312 309
311 313 314
311 314 312
233 235 315
233 315 316
6 5 317
6 317 318
235 237 319
235 319 315
8 6 318
8 318 320
321 322 323
321 323 324
325 326 327
325 327 328
326 329 330
326 330 327
331 325 328
331 328 332
322 321 333
322 333 334
80 233 335
80 335 81
2 1 336
2 336 168
337 338 339
337 339 340
5 75 169
5 169 341
342 343 344
342 344 345
343 346 347
343 347 344
346 348 349
346 349 347
247 249 350
247 350 351
26 24 352
26 352 353
252 112 115
252 115 354
286 285 355
286 355 356
30 29 357
30 357 110
358 359 360
358 360 361
359 362 363
359 363 360
362 364 365
362 365 363
38 36 127
38 127 366
367 368 369
367 369 370
123 134 371
123 371 124
34 32 372
34 372 126
113 122 125
113 125 373
374 375 376
374 376 377
375 378 379
375 379 376
378 380 381
378 381 379
1 68 165
1 165 382
65 166 167
65 167 383
66 65 383
66 383 164
338 337 384
338 384 385
161 76 386
161 386 162
387 388 389
387 389 390
388 391 392
388 392 389
391 393 394
391 394 392
62 60 159
62 159 395
166 65 396
166 396 397
155 272 398
155 398 156
58 56 399
58 399 158
145 154 157
145 157 400
401 402 403
401 403 404
402 405 406
402 406 403
405 407 408
405 408 406
264 266 409
264 409 410
52 50 411
52 411 412
266 144 147
266 147 409
413 414 415
413 415 416
54 52 412
54 412 142
417 418 419
417 419 420
418 421 422
418 422 419
421 423 424
421 424 422
44 42 133
44 133 425
368 367 426
368 426 427
40 38 428
40 428 132
136 47 429
136 429 430
129 260 431
129 431 130
432 433 434
432 434 435
433 436 437
433 437 434
414 413 438
414 438 439
48 47 440
48 440 140
137 264 441
137 441 138
47 136 139
47 139 440
442 443 444
442 444 445
446 447 231
446 231 73
443 448 449
443 449 444
447 450 229
447 229 231
448 451 452
448 452 449
450 453 227
450 227 229
451 454 455
451 455 452
453 456 225
453 225 227
457 458 459
457 459 460
456 461 223
456 223 225
458 462 463
458 463 459
461 464 221
461 221 223
462 465 466
462 466 463
464 467 219
464 219 221
465 468 469
465 469 466
467 470 217
467 217 219
468 471 472
468 472 469
470 473 215
470 215 217
471 474 475
471 475 472
473 476 213
473 213 215
474 477 478
474 478 475
476 479 211
476 211 213
477 480 481
477 481 478
479 482 209
479 209 211
483 484 485
483 485 486
482 487 207
482 207 209
484 488 489
484 489 485
487 490 205
487 205 207
488 491 492
488 492 489
490 493 203
490 203 205
491 494 495
491 495 492
493 496 201
493 201 203
494 497 498
494 498 495
496 499 199
496 199 201
497 500 501
497 501 498
499 502 197
499 197 199
500 503 504
500 504 501
502 505 195
502 195 197
503 506 507
503 507 504
505 508 193
505 193 195
509 510 511
509 511 512
508 513 191
508 191 193
510 514 515
510 515 511
513 516 189
513 189 191
514 517 518
514 518 515
516 519 187
516 187 189
517 520 521
517 521 518
519 522 185
519 185 187
520 523 524
520 524 521
522 525 183
522 183 185
523 526 527
523 527 524
525 528 181
525 181 183
526 529 530
526 530 527
528 531 179
528 179 181
529 532 533
529 533 530
531 534 177
531 177 179
535 536 537
535 537 538
534 539 175
534 175 177
536 540 541
536 541 537
539 542 173
539 173 175
540 543 544
540 544 541
542 545 72
542 72 173
543 442 445
543 445 544
545 446 73
545 73 72
70 230 546
70 546 547
548 549 171
548 171 170
230 228 550
230 550 546
549 551 232
549 232 171
228 226 552
228 552 550
551 553 234
551 234 232
226 224 554
226 554 552
553 555 236
553 236 234
224 222 556
224 556 554
557 558 239
557 239 238
222 220 559
222 559 556
558 560 240
558 240 239
220 218 561
220 561 559
560 562 241
560 241 240
218 216 563
218 563 561
562 564 242
562 242 241
216 214 565
216 565 563
564 566 244
564 244 242
214 212 567
214 567 565
566 568 245
566 245 244
212 210 569
212 569 567
568 570 246
568 246 245
210 208 571
210 571 569
570 572 248
570 248 246
208 206 573
208 573 571
574 575 251
574 251 250
206 204 576
206 576 573
575 577 253
575 253 251
204 202 578
204 578 576
577 579 254
577 254 253
202 200 580
202 580 578
579 581 255
579 255 254
200 198 582
200 582 580
581 583 256
581 256 255
198 196 584
198 584 582
583 585 257
583 257 256
196 194 586
196 586 584
585 587 258
585 258 257
194 192 588
194 588 586
587 589 259
587 259 258
192 190 590
192 590 588
591 592 262
591 262 261
190 188 593
190 593 590
592 594 263
592 263 262
188 186 595
188 595 593
594 596 265
594 265 263
186 184 597
186 597 595
596 598 267
596 267 265
184 182 599
184 599 597
598 600 268
598 268 267
182 180 601
182 601 599
600 602 269
600 269 268
180 178 603
180 603 601
602 604 270
602 270 269
178 176 605
178 605 603
604 606 271
604 271 270
176 174 607
176 607 605
608 609 274
608 274 273
174 172 610
174 610 607
609 611 275
609 275 274
172 71 612
172 612 610
611 613 276
611 276 275
71 70 547
71 547 612
613 548 170
613 170 276
276 170 77
276 77 76
442 614 615
442 615 443
443 615 616
443 616 448
540 617 618
540 618 543
536 619 617
536 617 540
535 620 619
535 619 536
529 621 622
529 622 532
526 623 621
526 621 529
523 624 623
523 623 526
520 625 624
520 624 523
517 626 625
517 625 520
514 627 626
514 626 517
510 628 627
510 627 514
509 629 628
509 628 510
503 630 631
503 631 506
500 632 630
500 630 503
497 633 632
497 632 500
494 634 633
494 633 497
491 635 634
491 634 494
488 636 635
488 635 491
484 637 636
484 636 488
483 638 637
483 637 484
477 639 640
477 640 480
474 641 639
474 639 477
471 642 641
471 641 474
468 643 642
468 642 471
465 644 643
465 643 468
462 645 644
462 644 465
458 646 645
458 645 462
457 647 646
457 646 458
451 648 649
451 649 454
448 616 648
448 648 451
543 618 614
543 614 442
614 3 74
614 74 615
615 74 4
615 4 616
617 69 0
617 0 618
619 67 69
619 69 617
620 64 67
620 67 619
621 61 63
621 63 622
623 59 61
623 61 621
624 57 59
624 59 623
625 55 57
625 57 624
626 53 55
626 55 625
627 51 53
627 53 626
628 49 51
628 51 627
629 46 49
629 49 628
630 43 45
630 45 631
632 41 43
632 43 630
633 39 41
633 41 632
634 37 39
634 39 633
635 35 37
635 37 634
636 33 35
636 35 635
637 31 33
637 33 636
638 28 31
638 31 637
639 25 27
639 27 640
641 23 25
641 25 639
642 21 23
642 23 641
643 19 21
643 21 642
644 17 19
644 19 643
645 15 17
645 17 644
646 13 15
646 15 645
647 10 13
647 13 646
648 7 9
648 9 649
616 4 7
616 7 648
618 0 3
618 3 614
