Material: dor
BaseColor: 229-2294260_skateboard-clipart-png-skate-board.png
Normal: None
Roughness: None
Metallic: None
Alpha: 1.000000
Emissive: None
Vertices:
12.294568 -11.514235 -0.220895 0.750000 0.062500
12.459328 -11.377742 -0.660503 0.718750 0.125000
12.558404 -11.514235 -0.300930 0.718750 0.062500
12.280995 -10.617691 -1.049192 0.750000 0.500000
12.459328 -10.267876 -0.997176 0.750000 0.562500
12.634235 -10.439359 -1.031969 0.718750 0.500000
12.360251 -11.514235 -0.004371 0.734375 0.000000
12.294568 -11.514235 -0.220895 0.750000 0.062500
12.558404 -11.514235 -0.300930 0.718750 0.062500
12.459328 -10.796023 -1.049192 0.750000 0.437500
12.280995 -10.617691 -1.049192 0.750000 0.500000
12.634235 -10.439359 -1.031969 0.718750 0.500000
12.624087 -10.967506 -0.980948 0.718750 0.437500
12.360251 -9.857640 -0.650743 0.750000 0.875000
12.311049 -9.721147 -0.251728 0.718750 0.937500
12.527572 -9.721147 -0.317410 0.718750 0.875000
12.459328 -11.125543 -0.912704 0.750000 0.375000
12.459328 -10.796023 -1.049192 0.750000 0.437500
12.624087 -10.967506 -0.980948 0.718750 0.375000
12.459328 -9.971316 -0.799022 0.750000 0.750000
12.360251 -9.857640 -0.650743 0.718750 0.812500
12.607607 -10.109839 -0.898099 0.718750 0.750000
12.333225 -11.264066 -0.786602 0.750000 0.250000
12.459328 -11.125543 -0.912704 0.718750 0.312500
12.585427 -11.264066 -0.786602 0.718750 0.250000
12.459328 -10.267876 -0.997176 0.750000 0.687500
12.459328 -9.971316 -0.799022 0.750000 0.750000
12.607607 -10.109839 -0.898099 0.718750 0.687500
12.459328 -11.377742 -0.660503 0.750000 0.187500
12.333225 -11.264066 -0.786602 0.750000 0.250000
12.585427 -11.264066 -0.786602 0.718750 0.250000
12.459328 -10.267876 -0.997176 0.718750 0.625000
12.607607 -10.109839 -0.898099 0.687500 0.687500
12.782515 -10.267876 -0.932889 0.687500 0.625000
12.634235 -10.439359 -1.031969 0.718750 0.562500
12.459328 -10.267876 -0.997176 0.718750 0.625000
12.782515 -10.267876 -0.932889 0.687500 0.625000
12.311049 -9.721147 -0.251728 0.718750 0.937500
12.333225 -9.721147 -0.026552 0.703125 1.000000
12.527572 -9.721147 -0.317410 0.687500 0.937500
12.624087 -10.967506 -0.980948 0.718750 0.437500
12.634235 -10.439359 -1.031969 0.718750 0.500000
12.802420 -10.796023 -0.980948 0.687500 0.437500
12.624087 -10.967506 -0.980948 0.718750 0.437500
12.802420 -10.796023 -0.980948 0.687500 0.437500
12.750187 -11.125543 -0.854849 0.687500 0.375000
12.360251 -9.857640 -0.650743 0.718750 0.812500
12.527572 -9.721147 -0.317410 0.687500 0.875000
12.653674 -9.857640 -0.621845 0.687500 0.812500
12.459328 -11.125543 -0.912704 0.718750 0.312500
12.624087 -10.967506 -0.980948 0.718750 0.375000
12.750187 -11.125543 -0.854849 0.687500 0.312500
12.607607 -10.109839 -0.898099 0.718750 0.750000
12.360251 -9.857640 -0.650743 0.718750 0.812500
12.653674 -9.857640 -0.621845 0.687500 0.750000
12.585427 -11.264066 -0.786602 0.718750 0.250000
12.459328 -11.125543 -0.912704 0.718750 0.312500
12.750187 -11.125543 -0.854849 0.687500 0.312500
12.750187 -11.125543 -0.854849 0.687500 0.375000
12.802420 -10.796023 -0.980948 0.656250 0.437500
12.928519 -10.967506 -0.854849 0.656250 0.375000
12.585427 -11.264066 -0.786602 0.687500 0.250000
12.750187 -11.125543 -0.854849 0.656250 0.312500
12.741474 -11.377742 -0.574915 0.656250 0.250000
12.607607 -10.109839 -0.898099 0.687500 0.687500
12.653674 -9.857640 -0.621845 0.687500 0.750000
12.818431 -9.971316 -0.690089 0.656250 0.687500
12.459328 -11.377742 -0.660503 0.687500 0.187500
12.585427 -11.264066 -0.786602 0.687500 0.250000
12.741474 -11.377742 -0.574915 0.656250 0.187500
12.782515 -10.267876 -0.932889 0.687500 0.625000
12.607607 -10.109839 -0.898099 0.687500 0.687500
12.818431 -9.971316 -0.690089 0.656250 0.687500
12.558404 -11.514235 -0.300930 0.687500 0.125000
12.459328 -11.377742 -0.660503 0.687500 0.187500
12.741474 -11.377742 -0.574915 0.656250 0.187500
12.634235 -10.439359 -1.031969 0.687500 0.562500
12.782515 -10.267876 -0.932889 0.656250 0.625000
12.967179 -10.617691 -0.912704 0.656250 0.562500
12.802420 -10.796023 -0.980948 0.687500 0.500000
12.634235 -10.439359 -1.031969 0.687500 0.562500
12.967179 -10.617691 -0.912704 0.656250 0.500000
12.782515 -10.267876 -0.932889 0.656250 0.625000
12.818431 -9.971316 -0.690089 0.656250 0.687500
13.056497 -10.267876 -0.749820 0.625000 0.625000
12.967179 -10.617691 -0.912704 0.656250 0.562500
12.782515 -10.267876 -0.932889 0.656250 0.625000
13.056497 -10.267876 -0.749820 0.625000 0.562500
12.527572 -9.721147 -0.317410 0.656250 0.937500
12.333225 -9.721147 -0.026552 0.640625 1.000000
12.624087 -9.721147 -0.084407 0.625000 0.937500
12.802420 -10.796023 -0.980948 0.656250 0.437500
12.967179 -10.617691 -0.912704 0.625000 0.500000
13.093279 -10.796023 -0.786602 0.625000 0.437500
12.527572 -9.721147 -0.317410 0.656250 0.937500
12.624087 -9.721147 -0.084407 0.625000 0.937500
12.750187 -9.773163 -0.346997 0.625000 0.875000
12.928519 -10.967506 -0.854849 0.656250 0.375000
12.802420 -10.796023 -0.980948 0.656250 0.437500
13.093279 -10.796023 -0.786602 0.625000 0.437500
12.653674 -9.857640 -0.621845 0.656250 0.812500
12.527572 -9.721147 -0.317410 0.656250 0.875000
12.750187 -9.773163 -0.346997 0.625000 0.812500
12.750187 -11.125543 -0.854849 0.656250 0.312500
12.928519 -10.967506 -0.854849 0.625000 0.375000
12.996766 -11.125543 -0.690089 0.625000 0.312500
12.818431 -9.971316 -0.690089 0.656250 0.750000
12.653674 -9.857640 -0.621845 0.656250 0.812500
12.750187 -9.773163 -0.346997 0.625000 0.812500
12.741474 -11.377742 -0.574915 0.656250 0.250000
12.750187 -11.125543 -0.854849 0.656250 0.312500
12.996766 -11.125543 -0.690089 0.625000 0.312500
12.996766 -11.264066 -0.511757 0.625000 0.250000
12.928519 -10.967506 -0.854849 0.625000 0.375000
13.093279 -10.796023 -0.786602 0.625000 0.437500
13.287625 -10.796023 -0.495743 0.593750 0.437500
13.161523 -10.967506 -0.621845 0.593750 0.375000
12.996766 -11.125543 -0.690089 0.625000 0.312500
12.928519 -10.967506 -0.854849 0.625000 0.375000
13.161523 -10.967506 -0.621845 0.593750 0.375000
13.161523 -11.125543 -0.443510 0.593750 0.312500
12.818431 -9.971316 -0.690089 0.625000 0.750000
12.750187 -9.773163 -0.346997 0.593750 0.812500
12.996766 -9.971316 -0.511757 0.593750 0.750000
12.996766 -11.264066 -0.511757 0.625000 0.250000
12.996766 -11.125543 -0.690089 0.625000 0.312500
13.161523 -11.125543 -0.443510 0.593750 0.312500
13.056497 -10.267876 -0.749820 0.625000 0.687500
12.818431 -9.971316 -0.690089 0.625000 0.750000
12.996766 -9.971316 -0.511757 0.593750 0.750000
13.161523 -10.109839 -0.443510 0.593750 0.687500
12.741474 -11.377742 -0.574915 0.625000 0.187500
12.996766 -11.264066 -0.511757 0.593750 0.250000
12.782515 -11.462219 -0.286518 0.593750 0.187500
12.558404 -11.514235 -0.300930 0.625000 0.125000
12.741474 -11.377742 -0.574915 0.625000 0.187500
12.782515 -11.462219 -0.286518 0.593750 0.125000
12.967179 -10.617691 -0.912704 0.625000 0.500000
13.056497 -10.267876 -0.749820 0.625000 0.562500
13.219381 -10.617691 -0.660503 0.593750 0.500000
13.093279 -10.796023 -0.786602 0.625000 0.437500
12.967179 -10.617691 -0.912704 0.625000 0.500000
13.219381 -10.617691 -0.660503 0.593750 0.500000
13.287625 -10.796023 -0.495743 0.593750 0.437500
13.219381 -10.617691 -0.660503 0.593750 0.562500
13.056497 -10.267876 -0.749820 0.593750 0.625000
13.161523 -10.109839 -0.443510 0.562500 0.625000
13.287625 -10.439359 -0.495743 0.562500 0.562500
12.558404 -11.514235 -0.300930 0.593750 0.062500
12.782515 -11.462219 -0.286518 0.562500 0.125000
12.585427 -11.514235 -0.026552 0.562500 0.062500
13.219381 -10.617691 -0.660503 0.593750 0.562500
13.287625 -10.439359 -0.495743 0.562500 0.562500
13.287625 -10.796023 -0.495743 0.562500 0.500000
12.360251 -11.514235 -0.004371 0.578125 0.000000
12.558404 -11.514235 -0.300930 0.593750 0.062500
12.585427 -11.514235 -0.026552 0.562500 0.062500
12.750187 -9.773163 -0.346997 0.593750 0.875000
12.624087 -9.721147 -0.084407 0.562500 0.937500
12.809140 -9.773163 -0.152651 0.562500 0.875000
13.161523 -10.967506 -0.621845 0.593750 0.375000
13.287625 -10.796023 -0.495743 0.562500 0.437500
13.161523 -11.125543 -0.443510 0.562500 0.375000
12.996766 -9.971316 -0.511757 0.593750 0.750000
12.750187 -9.773163 -0.346997 0.562500 0.812500
13.161523 -10.109839 -0.443510 0.562500 0.750000
12.996766 -11.264066 -0.511757 0.593750 0.250000
13.161523 -11.125543 -0.443510 0.562500 0.312500
13.093279 -11.264066 -0.278753 0.562500 0.250000
12.782515 -11.462219 -0.286518 0.593750 0.187500
12.996766 -11.264066 -0.511757 0.593750 0.250000
13.093279 -11.264066 -0.278753 0.562500 0.250000
13.161523 -11.125543 -0.443510 0.562500 0.375000
13.287625 -10.967506 -0.317410 0.531250 0.375000
13.219381 -11.125543 -0.152651 0.531250 0.312500
13.161523 -10.109839 -0.443510 0.562500 0.750000
12.750187 -9.773163 -0.346997 0.562500 0.812500
12.809140 -9.773163 -0.152651 0.531250 0.812500
13.093279 -9.971316 -0.278753 0.531250 0.750000
13.093279 -11.264066 -0.278753 0.562500 0.250000
13.161523 -11.125543 -0.443510 0.562500 0.312500
13.219381 -11.125543 -0.152651 0.531250 0.312500
13.161523 -10.109839 -0.443510 0.562500 0.750000
13.093279 -9.971316 -0.278753 0.531250 0.750000
13.219381 -10.109839 -0.152651 0.531250 0.687500
13.161523 -10.109839 -0.443510 0.562500 0.687500
13.219381 -10.109839 -0.152651 0.531250 0.687500
13.287625 -10.267876 -0.317410 0.531250 0.625000
13.287625 -10.439359 -0.495743 0.562500 0.562500
13.161523 -10.109839 -0.443510 0.562500 0.625000
13.287625 -10.267876 -0.317410 0.531250 0.625000
12.585427 -11.514235 -0.026552 0.562500 0.062500
12.782515 -11.462219 -0.286518 0.562500 0.125000
12.802420 -11.462219 -0.084407 0.531250 0.125000
13.287625 -10.796023 -0.495743 0.562500 0.500000
13.287625 -10.439359 -0.495743 0.531250 0.562500
13.373436 -10.617691 -0.152651 0.531250 0.500000
13.161523 -11.125543 -0.443510 0.562500 0.375000
13.287625 -10.796023 -0.495743 0.531250 0.437500
13.287625 -10.967506 -0.317410 0.531250 0.375000
13.287625 -10.796023 -0.495743 0.531250 0.437500
13.373436 -10.617691 -0.152651 0.500000 0.500000
13.338643 -10.796023 0.022257 0.500000 0.437500
13.287625 -10.967506 -0.317410 0.531250 0.375000
13.287625 -10.796023 -0.495743 0.531250 0.437500
13.338643 -10.796023 0.022257 0.500000 0.437500
13.219381 -11.125543 -0.152651 0.500000 0.375000
13.093279 -9.971316 -0.278753 0.531250 0.750000
12.809140 -9.773163 -0.152651 0.500000 0.812500
13.219381 -10.109839 -0.152651 0.500000 0.750000
13.093279 -11.264066 -0.278753 0.531250 0.250000
13.219381 -11.125543 -0.152651 0.500000 0.312500
13.093279 -11.264066 -0.026552 0.500000 0.250000
12.782515 -11.462219 -0.286518 0.531250 0.187500
13.093279 -11.264066 -0.278753 0.531250 0.250000
13.093279 -11.264066 -0.026552 0.500000 0.250000
12.802420 -11.462219 -0.084407 0.500000 0.187500
13.287625 -10.439359 -0.495743 0.531250 0.562500
13.287625 -10.267876 -0.317410 0.531250 0.625000
13.373436 -10.617691 -0.152651 0.500000 0.562500
13.219381 -10.109839 -0.152651 0.500000 0.625000
13.219381 -10.109839 -0.152651 0.500000 0.750000
12.809140 -9.773163 -0.152651 0.468750 0.812500
13.093279 -9.971316 -0.026552 0.468750 0.750000
13.093279 -11.264066 -0.026552 0.500000 0.250000
13.219381 -11.125543 -0.152651 0.500000 0.312500
13.161523 -11.125543 0.138208 0.468750 0.312500
13.219381 -10.109839 -0.152651 0.500000 0.750000
13.093279 -9.971316 -0.026552 0.468750 0.750000
13.161523 -10.109839 0.138208 0.468750 0.687500
13.219381 -10.109839 -0.152651 0.500000 0.687500
13.161523 -10.109839 0.138208 0.468750 0.687500
13.338643 -10.439359 0.022257 0.468750 0.625000
13.373436 -10.617691 -0.152651 0.500000 0.562500
13.219381 -10.109839 -0.152651 0.500000 0.625000
13.338643 -10.439359 0.022257 0.468750 0.562500
13.373436 -10.617691 -0.152651 0.500000 0.562500
13.338643 -10.439359 0.022257 0.468750 0.562500
13.303852 -10.617691 0.197162 0.468750 0.500000
13.338643 -10.796023 0.022257 0.500000 0.437500
13.373436 -10.617691 -0.152651 0.500000 0.500000
13.303852 -10.617691 0.197162 0.468750 0.500000
13.219381 -11.125543 -0.152651 0.500000 0.375000
13.338643 -10.796023 0.022257 0.468750 0.375000
13.161523 -11.125543 0.138208 0.468750 0.312500
13.338643 -10.796023 0.022257 0.468750 0.437500
13.303852 -10.617691 0.197162 0.437500 0.437500
13.161523 -10.967506 0.316544 0.437500 0.375000
12.809140 -9.773163 -0.152651 0.468750 0.812500
12.624087 -9.721147 -0.084407 0.437500 0.875000
12.928519 -9.857640 0.041695 0.437500 0.812500
13.161523 -11.125543 0.138208 0.468750 0.312500
13.338643 -10.796023 0.022257 0.468750 0.375000
13.161523 -10.967506 0.316544 0.437500 0.375000
13.093279 -9.971316 -0.026552 0.468750 0.750000
12.809140 -9.773163 -0.152651 0.468750 0.812500
12.928519 -9.857640 0.041695 0.437500 0.812500
13.161523 -10.109839 0.138208 0.437500 0.750000
13.093279 -11.264066 -0.026552 0.468750 0.250000
13.161523 -11.125543 0.138208 0.437500 0.312500
12.996766 -11.264066 0.206455 0.437500 0.250000
12.802420 -11.462219 -0.084407 0.468750 0.187500
13.093279 -11.264066 -0.026552 0.468750 0.250000
12.996766 -11.264066 0.206455 0.437500 0.250000
13.338643 -10.439359 0.022257 0.468750 0.625000
13.161523 -10.109839 0.138208 0.437500 0.687500
13.161523 -10.267876 0.316544 0.437500 0.625000
13.338643 -10.439359 0.022257 0.468750 0.625000
13.161523 -10.267876 0.316544 0.437500 0.625000
13.303852 -10.617691 0.197162 0.437500 0.562500
12.996766 -11.264066 0.206455 0.437500 0.250000
13.161523 -11.125543 0.138208 0.437500 0.312500
12.996766 -11.125543 0.384788 0.406250 0.312500
13.161523 -10.109839 0.138208 0.437500 0.750000
12.916382 -9.971316 0.304403 0.406250 0.750000
13.161523 -10.267876 0.316544 0.406250 0.687500
12.802420 -11.462219 -0.084407 0.437500 0.187500
12.996766 -11.264066 0.206455 0.406250 0.250000
12.818431 -11.377742 0.206455 0.406250 0.187500
12.802420 -11.462219 -0.084407 0.437500 0.187500
12.818431 -11.377742 0.206455 0.406250 0.187500
12.585427 -11.514235 -0.026552 0.406250 0.125000
13.303852 -10.617691 0.197162 0.437500 0.562500
13.161523 -10.267876 0.316544 0.406250 0.625000
13.093279 -10.439359 0.481300 0.406250 0.562500
12.928519 -9.857640 0.041695 0.437500 0.812500
12.624087 -9.721147 -0.084407 0.406250 0.875000
12.741474 -9.857640 0.269613 0.406250 0.812500
13.161523 -11.125543 0.138208 0.437500 0.312500
13.161523 -10.967506 0.316544 0.406250 0.375000
12.996766 -11.125543 0.384788 0.406250 0.312500
13.161523 -10.109839 0.138208 0.437500 0.750000
12.928519 -9.857640 0.041695 0.437500 0.812500
12.741474 -9.857640 0.269613 0.406250 0.812500
12.916382 -9.971316 0.304403 0.406250 0.750000
13.161523 -10.967506 0.316544 0.406250 0.437500
13.303852 -10.617691 0.197162 0.406250 0.500000
13.093279 -10.796023 0.481300 0.375000 0.437500
13.161523 -10.967506 0.316544 0.406250 0.437500
13.093279 -10.796023 0.481300 0.375000 0.437500
12.996766 -11.125543 0.384788 0.375000 0.375000
12.996766 -11.264066 0.206455 0.406250 0.250000
12.996766 -11.125543 0.384788 0.375000 0.312500
12.818431 -11.264066 0.384788 0.375000 0.250000
12.818431 -11.377742 0.206455 0.406250 0.187500
12.996766 -11.264066 0.206455 0.406250 0.250000
12.818431 -11.264066 0.384788 0.375000 0.250000
13.161523 -10.267876 0.316544 0.406250 0.687500
12.916382 -9.971316 0.304403 0.375000 0.687500
13.093279 -10.439359 0.481300 0.375000 0.625000
13.303852 -10.617691 0.197162 0.406250 0.500000
13.093279 -10.439359 0.481300 0.375000 0.562500
13.093279 -10.796023 0.481300 0.375000 0.500000
12.916382 -9.971316 0.304403 0.375000 0.750000
12.741474 -9.857640 0.269613 0.343750 0.750000
12.750187 -10.109839 0.549547 0.343750 0.687500
13.093279 -10.439359 0.481300 0.375000 0.625000
12.916382 -9.971316 0.304403 0.375000 0.687500
12.750187 -10.109839 0.549547 0.343750 0.687500
12.928519 -10.267876 0.549547 0.343750 0.625000
12.585427 -11.514235 -0.026552 0.375000 0.125000
12.818431 -11.377742 0.206455 0.375000 0.187500
12.818431 -11.264066 0.384788 0.343750 0.187500
13.093279 -10.439359 0.481300 0.375000 0.625000
12.928519 -10.267876 0.549547 0.343750 0.625000
12.802420 -10.439359 0.675647 0.343750 0.562500
13.093279 -10.796023 0.481300 0.375000 0.500000
13.093279 -10.439359 0.481300 0.375000 0.562500
12.802420 -10.439359 0.675647 0.343750 0.562500
12.967176 -10.617691 0.607403 0.343750 0.500000
13.093279 -10.796023 0.481300 0.375000 0.500000
12.967176 -10.617691 0.607403 0.343750 0.500000
12.802420 -10.796023 0.675647 0.343750 0.437500
12.996766 -11.125543 0.384788 0.375000 0.375000
13.093279 -10.796023 0.481300 0.375000 0.437500
12.928519 -10.967506 0.549547 0.343750 0.375000
12.802420 -10.796023 0.675647 0.343750 0.437500
12.996766 -11.125543 0.384788 0.375000 0.375000
12.928519 -10.967506 0.549547 0.343750 0.375000
12.818431 -11.264066 0.384788 0.343750 0.312500
12.802420 -10.796023 0.675647 0.343750 0.437500
12.967176 -10.617691 0.607403 0.343750 0.500000
12.637660 -10.617691 0.743891 0.312500 0.500000
12.741474 -9.857640 0.269613 0.343750 0.875000
12.624087 -9.721147 -0.084407 0.343750 0.937500
12.333225 -9.721147 -0.026552 0.312500 0.937500
12.928519 -10.967506 0.549547 0.343750 0.375000
12.802420 -10.796023 0.675647 0.312500 0.437500
12.624087 -10.967506 0.675647 0.312500 0.375000
12.818431 -11.264066 0.384788 0.343750 0.312500
12.928519 -10.967506 0.549547 0.343750 0.375000
12.750187 -11.125543 0.549547 0.312500 0.312500
12.624087 -10.967506 0.675647 0.312500 0.375000
12.741474 -9.857640 0.269613 0.343750 0.812500
12.459328 -9.857640 0.355201 0.312500 0.812500
12.750187 -10.109839 0.549547 0.312500 0.750000
12.818431 -11.264066 0.384788 0.343750 0.312500
12.750187 -11.125543 0.549547 0.312500 0.312500
12.585427 -11.264066 0.481300 0.312500 0.250000
12.818431 -11.264066 0.384788 0.343750 0.250000
12.585427 -11.264066 0.481300 0.312500 0.250000
12.459328 -11.377742 0.355201 0.312500 0.187500
12.928519 -10.267876 0.549547 0.343750 0.625000
12.750187 -10.109839 0.549547 0.312500 0.687500
12.624087 -10.267876 0.675647 0.312500 0.625000
12.585427 -11.514235 -0.026552 0.343750 0.125000
12.818431 -11.264066 0.384788 0.343750 0.187500
12.593195 -11.462219 0.170533 0.312500 0.125000
12.459328 -11.377742 0.355201 0.312500 0.187500
12.802420 -10.439359 0.675647 0.343750 0.562500
12.928519 -10.267876 0.549547 0.343750 0.625000
12.624087 -10.267876 0.675647 0.312500 0.625000
12.360251 -11.514235 -0.004371 0.343750 0.062500
12.585427 -11.514235 -0.026552 0.343750 0.125000
12.593195 -11.462219 0.170533 0.312500 0.125000
12.967176 -10.617691 0.607403 0.343750 0.500000
12.802420 -10.439359 0.675647 0.312500 0.562500
12.637660 -10.617691 0.743891 0.312500 0.500000
12.624087 -10.267876 0.675647 0.312500 0.625000
12.750187 -10.109839 0.549547 0.312500 0.687500
12.459328 -10.109839 0.607403 0.281250 0.687500
12.802420 -10.439359 0.675647 0.312500 0.562500
12.624087 -10.267876 0.675647 0.281250 0.625000
12.459328 -10.439359 0.743891 0.281250 0.562500
12.360251 -11.514235 -0.004371 0.312500 0.062500
12.593195 -11.462219 0.170533 0.312500 0.125000
12.459328 -11.377742 0.355201 0.281250 0.125000
12.637660 -10.617691 0.743891 0.312500 0.500000
12.802420 -10.439359 0.675647 0.312500 0.562500
12.459328 -10.439359 0.743891 0.281250 0.562500
12.802420 -10.796023 0.675647 0.312500 0.437500
12.637660 -10.617691 0.743891 0.281250 0.500000
12.459328 -10.796023 0.743891 0.281250 0.437500
12.741474 -9.857640 0.269613 0.312500 0.875000
12.333225 -9.721147 -0.026552 0.281250 0.937500
12.459328 -9.857640 0.355201 0.281250 0.875000
12.624087 -10.967506 0.675647 0.312500 0.375000
12.802420 -10.796023 0.675647 0.312500 0.437500
12.459328 -10.796023 0.743891 0.281250 0.437500
12.750187 -11.125543 0.549547 0.312500 0.312500
12.624087 -10.967506 0.675647 0.281250 0.375000
12.459328 -11.125543 0.607403 0.281250 0.312500
12.750187 -10.109839 0.549547 0.312500 0.750000
12.459328 -9.857640 0.355201 0.281250 0.812500
12.585427 -9.971316 0.481300 0.281250 0.750000
12.585427 -11.264066 0.481300 0.312500 0.250000
12.750187 -11.125543 0.549547 0.312500 0.312500
12.459328 -11.125543 0.607403 0.281250 0.312500
12.750187 -10.109839 0.549547 0.312500 0.750000
12.585427 -9.971316 0.481300 0.281250 0.750000
12.459328 -10.109839 0.607403 0.281250 0.687500
12.624087 -10.967506 0.675647 0.281250 0.375000
12.459328 -10.796023 0.743891 0.250000 0.437500
12.459328 -11.125543 0.607403 0.250000 0.375000
12.585427 -9.971316 0.481300 0.281250 0.750000
12.459328 -9.857640 0.355201 0.250000 0.812500
12.459328 -10.109839 0.607403 0.250000 0.750000
12.585427 -11.264066 0.481300 0.281250 0.250000
12.459328 -11.125543 0.607403 0.250000 0.312500
12.333225 -11.264066 0.481300 0.250000 0.250000
12.459328 -11.377742 0.355201 0.281250 0.187500
12.585427 -11.264066 0.481300 0.281250 0.250000
12.333225 -11.264066 0.481300 0.250000 0.250000
12.624087 -10.267876 0.675647 0.281250 0.625000
12.459328 -10.109839 0.607403 0.250000 0.687500
12.294568 -10.267876 0.675647 0.250000 0.625000
12.459328 -10.439359 0.743891 0.281250 0.562500
12.624087 -10.267876 0.675647 0.281250 0.625000
12.294568 -10.267876 0.675647 0.250000 0.625000
12.637660 -10.617691 0.743891 0.281250 0.500000
12.459328 -10.439359 0.743891 0.250000 0.562500
12.280995 -10.617691 0.743891 0.250000 0.500000
12.459328 -10.796023 0.743891 0.281250 0.437500
12.459328 -10.439359 0.743891 0.250000 0.562500
12.294568 -10.267876 0.675647 0.218750 0.625000
12.280995 -10.617691 0.743891 0.218750 0.562500
12.459328 -9.857640 0.355201 0.250000 0.875000
12.333225 -9.721147 -0.026552 0.250000 0.937500
12.325458 -9.773163 0.170533 0.218750 0.937500
12.459328 -11.125543 0.607403 0.250000 0.375000
12.459328 -10.796023 0.743891 0.250000 0.437500
12.280995 -10.617691 0.743891 0.218750 0.437500
12.136141 -10.967506 0.627587 0.218750 0.375000
12.459328 -11.125543 0.607403 0.250000 0.375000
12.136141 -10.967506 0.627587 0.218750 0.375000
12.333225 -11.264066 0.481300 0.218750 0.312500
12.459328 -10.109839 0.607403 0.250000 0.750000
12.459328 -9.857640 0.355201 0.250000 0.812500
12.333225 -9.971316 0.481300 0.218750 0.750000
12.459328 -10.109839 0.607403 0.250000 0.750000
12.333225 -9.971316 0.481300 0.218750 0.750000
12.168468 -10.109839 0.549547 0.218750 0.687500
12.294568 -10.267876 0.675647 0.250000 0.625000
12.459328 -10.109839 0.607403 0.250000 0.687500
12.168468 -10.109839 0.549547 0.218750 0.687500
12.333225 -9.971316 0.481300 0.218750 0.812500
12.459328 -9.857640 0.355201 0.218750 0.875000
12.325458 -9.773163 0.170533 0.187500 0.875000
12.100222 -9.857640 0.206455 0.187500 0.812500
12.333225 -9.971316 0.481300 0.218750 0.812500
12.100222 -9.857640 0.206455 0.187500 0.812500
12.100222 -9.971316 0.384788 0.187500 0.750000
12.333225 -11.264066 0.481300 0.218750 0.312500
12.136141 -10.967506 0.627587 0.187500 0.312500
12.100222 -11.264066 0.384788 0.187500 0.250000
12.168468 -10.109839 0.549547 0.218750 0.687500
12.333225 -9.971316 0.481300 0.218750 0.750000
12.100222 -9.971316 0.384788 0.187500 0.750000
12.333225 -11.264066 0.481300 0.218750 0.250000
12.100222 -11.264066 0.384788 0.187500 0.250000
12.100222 -11.377742 0.206455 0.187500 0.187500
12.294568 -10.267876 0.675647 0.218750 0.625000
12.168468 -10.109839 0.549547 0.187500 0.687500
12.116236 -10.439359 0.675647 0.187500 0.625000
12.459328 -11.377742 0.355201 0.218750 0.125000
12.333225 -11.264066 0.481300 0.218750 0.187500
12.100222 -11.377742 0.206455 0.187500 0.187500
12.360251 -11.514235 -0.004371 0.187500 0.125000
12.280995 -10.617691 0.743891 0.218750 0.562500
12.294568 -10.267876 0.675647 0.218750 0.625000
12.116236 -10.439359 0.675647 0.187500 0.562500
12.280995 -10.617691 0.743891 0.218750 0.562500
12.116236 -10.439359 0.675647 0.187500 0.562500
11.951476 -10.617691 0.607400 0.187500 0.500000
12.280995 -10.617691 0.743891 0.218750 0.500000
11.951476 -10.617691 0.607400 0.187500 0.500000
12.136141 -10.967506 0.627587 0.187500 0.437500
12.116236 -10.439359 0.675647 0.187500 0.625000
11.990136 -10.267876 0.549547 0.156250 0.625000
11.951476 -10.617691 0.607400 0.156250 0.562500
12.136141 -10.967506 0.627587 0.187500 0.437500
11.951476 -10.617691 0.607400 0.156250 0.500000
11.825377 -10.796023 0.481300 0.156250 0.437500
12.100222 -11.264066 0.384788 0.187500 0.250000
12.136141 -10.967506 0.627587 0.187500 0.312500
11.921889 -11.125543 0.384788 0.156250 0.312500
12.168468 -10.109839 0.549547 0.187500 0.687500
12.100222 -9.971316 0.384788 0.156250 0.750000
11.990136 -10.267876 0.549547 0.156250 0.687500
12.116236 -10.439359 0.675647 0.187500 0.625000
12.168468 -10.109839 0.549547 0.187500 0.687500
11.990136 -10.267876 0.549547 0.156250 0.625000
12.100222 -9.971316 0.384788 0.156250 0.812500
12.100222 -9.857640 0.206455 0.125000 0.812500
11.921889 -10.109839 0.384788 0.125000 0.750000
11.990136 -10.267876 0.549547 0.156250 0.687500
12.100222 -9.971316 0.384788 0.156250 0.750000
11.921889 -10.109839 0.384788 0.125000 0.687500
12.100222 -11.264066 0.384788 0.156250 0.250000
11.921889 -11.125543 0.384788 0.125000 0.250000
12.100222 -11.377742 0.206455 0.125000 0.187500
11.951476 -10.617691 0.607400 0.156250 0.562500
11.990136 -10.267876 0.549547 0.125000 0.625000
11.713880 -10.439359 0.345441 0.125000 0.562500
11.951476 -10.617691 0.607400 0.156250 0.562500
11.713880 -10.439359 0.345441 0.125000 0.562500
11.825377 -10.796023 0.481300 0.125000 0.500000
12.100222 -9.857640 0.206455 0.156250 0.875000
12.325458 -9.773163 0.170533 0.156250 0.937500
12.333225 -9.721147 -0.026552 0.125000 0.937500
12.136141 -10.967506 0.627587 0.156250 0.375000
11.825377 -10.796023 0.481300 0.125000 0.437500
11.921889 -11.125543 0.384788 0.125000 0.375000
11.825377 -10.796023 0.481300 0.125000 0.500000
11.713880 -10.439359 0.345441 0.093750 0.562500
11.614803 -10.617691 0.197162 0.093750 0.500000
11.921889 -11.125543 0.384788 0.125000 0.375000
11.825377 -10.796023 0.481300 0.093750 0.437500
11.757130 -10.967506 0.316541 0.093750 0.375000
11.921889 -10.109839 0.384788 0.125000 0.750000
12.100222 -9.857640 0.206455 0.125000 0.812500
11.921889 -9.971316 0.206455 0.093750 0.750000
12.100222 -11.377742 0.206455 0.125000 0.187500
11.921889 -11.125543 0.384788 0.125000 0.250000
11.921889 -11.264066 0.206455 0.093750 0.250000
11.990136 -10.267876 0.549547 0.125000 0.625000
11.921889 -10.109839 0.384788 0.093750 0.687500
11.713880 -10.439359 0.345441 0.093750 0.625000
11.921889 -11.264066 0.206455 0.093750 0.250000
11.921889 -11.125543 0.384788 0.093750 0.312500
11.757130 -11.125543 0.138208 0.062500 0.312500
11.921889 -10.109839 0.384788 0.093750 0.687500
11.921889 -9.971316 0.206455 0.062500 0.750000
11.679090 -10.267876 0.170533 0.062500 0.687500
11.713880 -10.439359 0.345441 0.093750 0.625000
11.921889 -10.109839 0.384788 0.093750 0.687500
11.679090 -10.267876 0.170533 0.062500 0.625000
11.713880 -10.439359 0.345441 0.093750 0.625000
11.679090 -10.267876 0.170533 0.062500 0.625000
11.614803 -10.617691 0.197162 0.062500 0.562500
12.360251 -11.514235 -0.004371 0.093750 0.062500
12.100222 -11.377742 0.206455 0.093750 0.125000
12.116236 -11.462219 -0.084407 0.062500 0.062500
12.100222 -9.857640 0.206455 0.093750 0.875000
12.333225 -9.721147 -0.026552 0.062500 0.937500
11.961233 -9.857640 -0.053574 0.062500 0.875000
11.757130 -10.967506 0.316541 0.093750 0.375000
11.825377 -10.796023 0.481300 0.093750 0.437500
11.614803 -10.617691 0.197162 0.062500 0.437500
11.921889 -9.971316 0.206455 0.093750 0.812500
12.100222 -9.857640 0.206455 0.093750 0.875000
11.961233 -9.857640 -0.053574 0.062500 0.812500
11.921889 -11.125543 0.384788 0.093750 0.312500
11.757130 -10.967506 0.316541 0.062500 0.375000
11.757130 -11.125543 0.138208 0.062500 0.312500
11.757130 -10.967506 0.316541 0.062500 0.375000
11.614803 -10.617691 0.197162 0.062500 0.437500
11.580009 -10.796023 0.022257 0.031250 0.375000
11.757130 -11.125543 0.138208 0.062500 0.312500
11.757130 -10.967506 0.316541 0.062500 0.375000
11.580009 -10.796023 0.022257 0.031250 0.375000
11.825377 -11.264066 -0.026552 0.031250 0.312500
11.921889 -9.971316 0.206455 0.062500 0.750000
11.961233 -9.857640 -0.053574 0.031250 0.812500
11.713880 -10.109839 -0.004371 0.031250 0.750000
11.921889 -11.264066 0.206455 0.062500 0.250000
11.757130 -11.125543 0.138208 0.062500 0.312500
11.825377 -11.264066 -0.026552 0.031250 0.250000
11.679090 -10.267876 0.170533 0.062500 0.687500
11.921889 -9.971316 0.206455 0.062500 0.750000
11.713880 -10.109839 -0.004371 0.031250 0.687500
12.100222 -11.377742 0.206455 0.062500 0.187500
11.921889 -11.264066 0.206455 0.062500 0.250000
11.825377 -11.264066 -0.026552 0.031250 0.187500
11.679090 -10.267876 0.170533 0.062500 0.687500
11.713880 -10.109839 -0.004371 0.031250 0.687500
11.580009 -10.439359 0.022257 0.031250 0.625000
12.116236 -11.462219 -0.084407 0.062500 0.125000
12.100222 -11.377742 0.206455 0.062500 0.187500
11.825377 -11.264066 -0.026552 0.031250 0.187500
11.614803 -10.617691 0.197162 0.062500 0.562500
11.679090 -10.267876 0.170533 0.062500 0.625000
11.580009 -10.439359 0.022257 0.031250 0.562500
11.580009 -10.439359 0.022257 0.031250 0.625000
11.713880 -10.109839 -0.004371 0.000000 0.687500
11.614803 -10.267876 -0.152651 0.000000 0.625000
11.614803 -10.617691 0.197162 0.031250 0.500000
11.580009 -10.439359 0.022257 0.000000 0.562500
11.545219 -10.617691 -0.152651 0.000000 0.500000
11.580009 -10.796023 0.022257 0.031250 0.437500
11.614803 -10.617691 0.197162 0.031250 0.500000
11.545219 -10.617691 -0.152651 0.000000 0.500000
11.825377 -11.264066 -0.026552 0.031250 0.312500
11.580009 -10.796023 0.022257 0.031250 0.375000
11.614803 -10.967506 -0.152651 0.000000 0.312500
11.713880 -10.109839 -0.004371 0.031250 0.750000
11.961233 -9.857640 -0.053574 0.031250 0.812500
11.812956 -9.971316 -0.152651 0.000000 0.750000
11.580009 -10.796023 0.022257 1.000000 0.437500
11.545219 -10.617691 -0.152651 1.000000 0.500000
11.580009 -10.796023 -0.327559 0.968750 0.437500
11.961233 -9.857640 -0.053574 1.000000 0.875000
12.333225 -9.721147 -0.026552 0.968750 0.937500
12.116236 -9.773163 -0.220895 0.968750 0.875000
11.614803 -10.967506 -0.152651 1.000000 0.375000
11.580009 -10.796023 0.022257 1.000000 0.437500
11.580009 -10.796023 -0.327559 0.968750 0.437500
11.825377 -11.264066 -0.026552 1.000000 0.250000
11.614803 -10.967506 -0.152651 1.000000 0.312500
11.825377 -11.264066 -0.278753 0.968750 0.250000
11.713880 -10.109839 -0.004371 1.000000 0.687500
11.812956 -9.971316 -0.152651 0.968750 0.750000
11.713880 -10.109839 -0.300930 0.968750 0.687500
12.116236 -11.462219 -0.084407 1.000000 0.187500
11.825377 -11.264066 -0.026552 1.000000 0.250000
11.825377 -11.264066 -0.278753 0.968750 0.187500
11.614803 -10.267876 -0.152651 1.000000 0.625000
11.713880 -10.109839 -0.004371 1.000000 0.687500
11.713880 -10.109839 -0.300930 0.968750 0.687500
11.580009 -10.439359 -0.327559 0.968750 0.625000
11.580009 -10.439359 0.022257 1.000000 0.562500
11.614803 -10.267876 -0.152651 1.000000 0.625000
11.580009 -10.439359 -0.327559 0.968750 0.562500
11.545219 -10.617691 -0.152651 1.000000 0.500000
11.580009 -10.439359 0.022257 1.000000 0.562500
11.580009 -10.439359 -0.327559 0.968750 0.562500
11.580009 -10.796023 -0.327559 0.968750 0.500000
11.580009 -10.439359 -0.327559 0.968750 0.625000
11.713880 -10.109839 -0.300930 0.937500 0.687500
11.679090 -10.267876 -0.475838 0.937500 0.625000
12.116236 -11.462219 -0.084407 0.968750 0.125000
11.825377 -11.264066 -0.278753 0.968750 0.187500
11.990136 -11.377742 -0.346997 0.937500 0.125000
11.580009 -10.439359 -0.327559 0.968750 0.625000
11.679090 -10.267876 -0.475838 0.937500 0.625000
11.614803 -10.617691 -0.502466 0.937500 0.562500
12.360251 -11.514235 -0.004371 0.968750 0.062500
12.116236 -11.462219 -0.084407 0.968750 0.125000
11.990136 -11.377742 -0.346997 0.937500 0.125000
12.294568 -11.514235 -0.220895 0.937500 0.062500
11.580009 -10.796023 -0.327559 0.968750 0.500000
11.580009 -10.439359 -0.327559 0.968750 0.562500
11.614803 -10.617691 -0.502466 0.937500 0.500000
12.116236 -9.773163 -0.220895 0.968750 0.875000
12.333225 -9.721147 -0.026552 0.937500 0.937500
12.037066 -9.857640 -0.434797 0.937500 0.875000
11.614803 -10.967506 -0.152651 0.968750 0.375000
11.580009 -10.796023 -0.327559 0.937500 0.437500
11.757133 -11.125543 -0.443510 0.937500 0.375000
11.961233 -9.857640 -0.053574 0.968750 0.812500
12.116236 -9.773163 -0.220895 0.968750 0.875000
12.037066 -9.857640 -0.434797 0.937500 0.875000
11.862159 -9.971316 -0.400007 0.937500 0.812500
11.825377 -11.264066 -0.278753 0.968750 0.312500
11.614803 -10.967506 -0.152651 0.968750 0.375000
11.757133 -11.125543 -0.443510 0.937500 0.312500
11.812956 -9.971316 -0.152651 0.968750 0.750000
11.961233 -9.857640 -0.053574 0.968750 0.812500
11.862159 -9.971316 -0.400007 0.937500 0.750000
11.713880 -10.109839 -0.300930 0.968750 0.687500
11.812956 -9.971316 -0.152651 0.968750 0.750000
11.862159 -9.971316 -0.400007 0.937500 0.750000
12.037066 -9.857640 -0.434797 0.937500 0.875000
12.333225 -9.721147 -0.026552 0.937500 0.937500
12.311049 -9.721147 -0.251728 0.906250 0.937500
11.757133 -11.125543 -0.443510 0.937500 0.375000
11.580009 -10.796023 -0.327559 0.937500 0.437500
11.757130 -10.967506 -0.621845 0.906250 0.375000
11.825377 -11.264066 -0.278753 0.937500 0.250000
11.757133 -11.125543 -0.443510 0.906250 0.312500
11.921889 -11.264066 -0.511757 0.906250 0.250000
11.713880 -10.109839 -0.300930 0.937500 0.687500
11.862159 -9.971316 -0.400007 0.906250 0.750000
11.827369 -10.109839 -0.574912 0.906250 0.687500
11.990136 -11.377742 -0.346997 0.937500 0.187500
11.825377 -11.264066 -0.278753 0.937500 0.250000
11.921889 -11.264066 -0.511757 0.906250 0.250000
11.679090 -10.267876 -0.475838 0.937500 0.625000
11.713880 -10.109839 -0.300930 0.937500 0.687500
11.827369 -10.109839 -0.574912 0.906250 0.687500
11.614803 -10.617691 -0.502466 0.937500 0.562500
11.679090 -10.267876 -0.475838 0.906250 0.625000
11.713880 -10.439359 -0.650743 0.906250 0.562500
11.580009 -10.796023 -0.327559 0.937500 0.437500
11.614803 -10.617691 -0.502466 0.906250 0.500000
11.757130 -10.967506 -0.621845 0.906250 0.437500
11.679090 -10.267876 -0.475838 0.906250 0.625000
11.827369 -10.109839 -0.574912 0.906250 0.687500
11.862159 -10.267876 -0.749820 0.875000 0.625000
11.713880 -10.439359 -0.650743 0.906250 0.562500
11.679090 -10.267876 -0.475838 0.906250 0.625000
11.862159 -10.267876 -0.749820 0.875000 0.625000
12.294568 -11.514235 -0.220895 0.906250 0.062500
11.990136 -11.377742 -0.346997 0.906250 0.125000
12.264981 -11.462219 -0.443510 0.875000 0.125000
11.614803 -10.617691 -0.502466 0.906250 0.500000
11.713880 -10.439359 -0.650743 0.875000 0.562500
11.825377 -10.796023 -0.786602 0.875000 0.500000
12.311049 -9.721147 -0.251728 0.906250 0.937500
12.333225 -9.721147 -0.026552 0.890625 1.000000
12.264981 -9.773163 -0.443510 0.875000 0.937500
11.757130 -10.967506 -0.621845 0.906250 0.437500
11.614803 -10.617691 -0.502466 0.906250 0.500000
11.825377 -10.796023 -0.786602 0.875000 0.437500
12.037066 -9.857640 -0.434797 0.906250 0.875000
12.311049 -9.721147 -0.251728 0.906250 0.937500
12.264981 -9.773163 -0.443510 0.875000 0.937500
11.757133 -11.125543 -0.443510 0.906250 0.312500
11.757130 -10.967506 -0.621845 0.875000 0.375000
11.921889 -11.125543 -0.690089 0.875000 0.312500
11.862159 -9.971316 -0.400007 0.906250 0.750000
12.037066 -9.857640 -0.434797 0.875000 0.812500
12.002274 -9.971316 -0.609705 0.875000 0.750000
11.921889 -11.264066 -0.511757 0.906250 0.250000
11.757133 -11.125543 -0.443510 0.906250 0.312500
11.921889 -11.125543 -0.690089 0.875000 0.250000
11.827369 -10.109839 -0.574912 0.906250 0.687500
11.862159 -9.971316 -0.400007 0.906250 0.750000
12.002274 -9.971316 -0.609705 0.875000 0.750000
11.862159 -10.267876 -0.749820 0.875000 0.687500
11.990136 -11.377742 -0.346997 0.906250 0.187500
11.921889 -11.264066 -0.511757 0.906250 0.250000
11.921889 -11.125543 -0.690089 0.875000 0.250000
11.757130 -10.967506 -0.621845 0.875000 0.375000
11.825377 -10.796023 -0.786602 0.875000 0.437500
11.990136 -10.967506 -0.854849 0.843750 0.375000
11.921889 -11.125543 -0.690089 0.875000 0.312500
11.757130 -10.967506 -0.621845 0.875000 0.375000
11.990136 -10.967506 -0.854849 0.843750 0.375000
11.862159 -10.267876 -0.749820 0.875000 0.687500
12.002274 -9.971316 -0.609705 0.843750 0.750000
12.037066 -10.109839 -0.784613 0.843750 0.687500
11.990136 -11.377742 -0.346997 0.875000 0.187500
11.921889 -11.125543 -0.690089 0.875000 0.250000
12.100222 -11.264066 -0.690089 0.843750 0.187500
12.264981 -11.462219 -0.443510 0.875000 0.125000
11.990136 -11.377742 -0.346997 0.875000 0.187500
12.100222 -11.264066 -0.690089 0.843750 0.187500
11.713880 -10.439359 -0.650743 0.875000 0.562500
11.862159 -10.267876 -0.749820 0.843750 0.625000
11.951476 -10.617691 -0.912704 0.843750 0.562500
11.825377 -10.796023 -0.786602 0.875000 0.500000
11.713880 -10.439359 -0.650743 0.875000 0.562500
11.951476 -10.617691 -0.912704 0.843750 0.500000
11.825377 -10.796023 -0.786602 0.875000 0.500000
11.951476 -10.617691 -0.912704 0.843750 0.500000
11.990136 -10.967506 -0.854849 0.843750 0.437500
11.951476 -10.617691 -0.912704 0.843750 0.562500
11.862159 -10.267876 -0.749820 0.843750 0.625000
12.136141 -10.267876 -0.932889 0.812500 0.562500
11.990136 -10.967506 -0.854849 0.843750 0.437500
11.951476 -10.617691 -0.912704 0.812500 0.500000
12.116236 -10.796023 -0.980948 0.812500 0.437500
11.921889 -11.125543 -0.690089 0.843750 0.312500
11.990136 -10.967506 -0.854849 0.812500 0.375000
12.168468 -11.125543 -0.854846 0.812500 0.312500
12.002274 -9.971316 -0.609705 0.843750 0.750000
12.037066 -9.857640 -0.434797 0.843750 0.812500
12.264981 -9.773163 -0.443510 0.812500 0.812500
12.211971 -9.971316 -0.749820 0.812500 0.750000
12.100222 -11.264066 -0.690089 0.843750 0.250000
11.921889 -11.125543 -0.690089 0.843750 0.312500
12.168468 -11.125543 -0.854846 0.812500 0.312500
12.037066 -10.109839 -0.784613 0.843750 0.687500
12.002274 -9.971316 -0.609705 0.843750 0.750000
12.211971 -9.971316 -0.749820 0.812500 0.750000
11.862159 -10.267876 -0.749820 0.843750 0.625000
12.037066 -10.109839 -0.784613 0.812500 0.687500
12.136141 -10.267876 -0.932889 0.812500 0.625000
12.168468 -11.125543 -0.854846 0.812500 0.312500
11.990136 -10.967506 -0.854849 0.812500 0.375000
12.294568 -10.967506 -0.980948 0.781250 0.375000
12.333225 -11.264066 -0.786602 0.781250 0.312500
12.211971 -9.971316 -0.749820 0.812500 0.750000
12.264981 -9.773163 -0.443510 0.812500 0.812500
12.360251 -9.857640 -0.650743 0.781250 0.812500
12.100222 -11.264066 -0.690089 0.812500 0.250000
12.168468 -11.125543 -0.854846 0.812500 0.312500
12.333225 -11.264066 -0.786602 0.781250 0.250000
12.037066 -10.109839 -0.784613 0.812500 0.687500
12.211971 -9.971316 -0.749820 0.781250 0.750000
12.311049 -10.109839 -0.898099 0.781250 0.687500
12.264981 -11.462219 -0.443510 0.812500 0.187500
12.100222 -11.264066 -0.690089 0.812500 0.250000
12.333225 -11.264066 -0.786602 0.781250 0.187500
12.136141 -10.267876 -0.932889 0.812500 0.625000
12.037066 -10.109839 -0.784613 0.812500 0.687500
12.311049 -10.109839 -0.898099 0.781250 0.687500
11.951476 -10.617691 -0.912704 0.812500 0.500000
12.136141 -10.267876 -0.932889 0.812500 0.562500
12.280995 -10.617691 -1.049192 0.781250 0.500000
12.116236 -10.796023 -0.980948 0.812500 0.437500
11.951476 -10.617691 -0.912704 0.812500 0.500000
12.280995 -10.617691 -1.049192 0.781250 0.500000
11.990136 -10.967506 -0.854849 0.812500 0.375000
12.116236 -10.796023 -0.980948 0.781250 0.437500
12.294568 -10.967506 -0.980948 0.781250 0.375000
12.280995 -10.617691 -1.049192 0.781250 0.562500
12.136141 -10.267876 -0.932889 0.781250 0.625000
12.459328 -10.267876 -0.997176 0.750000 0.562500
12.294568 -11.514235 -0.220895 0.781250 0.062500
12.264981 -11.462219 -0.443510 0.781250 0.125000
12.459328 -11.377742 -0.660503 0.750000 0.125000
12.116236 -10.796023 -0.980948 0.781250 0.437500
12.280995 -10.617691 -1.049192 0.750000 0.500000
12.459328 -10.796023 -1.049192 0.750000 0.437500
12.264981 -9.773163 -0.443510 0.781250 0.875000
12.311049 -9.721147 -0.251728 0.750000 0.937500
12.360251 -9.857640 -0.650743 0.750000 0.875000
12.294568 -10.967506 -0.980948 0.781250 0.375000
12.116236 -10.796023 -0.980948 0.781250 0.437500
12.459328 -10.796023 -1.049192 0.750000 0.437500
12.459328 -11.125543 -0.912704 0.750000 0.375000
12.333225 -11.264066 -0.786602 0.781250 0.312500
12.294568 -10.967506 -0.980948 0.781250 0.375000
12.459328 -11.125543 -0.912704 0.750000 0.312500
12.211971 -9.971316 -0.749820 0.781250 0.750000
12.360251 -9.857640 -0.650743 0.750000 0.812500
12.459328 -9.971316 -0.799022 0.750000 0.750000
12.311049 -10.109839 -0.898099 0.781250 0.687500
12.211971 -9.971316 -0.749820 0.781250 0.750000
12.459328 -9.971316 -0.799022 0.750000 0.750000
12.459328 -10.267876 -0.997176 0.750000 0.687500
12.136141 -10.267876 -0.932889 0.781250 0.625000
12.311049 -10.109839 -0.898099 0.781250 0.687500
12.459328 -10.267876 -0.997176 0.750000 0.625000
12.264981 -11.462219 -0.443510 0.781250 0.125000
12.333225 -11.264066 -0.786602 0.781250 0.187500
12.459328 -11.377742 -0.660503 0.750000 0.125000
Indices:
0 1 2
3 4 5
6 7 8
9 10 11
9 11 12
13 14 15
16 17 18
19 20 21
22 23 24
25 26 27
28 29 30
31 32 33
34 35 36
37 38 39
40 41 42
43 44 45
46 47 48
49 50 51
52 53 54
55 56 57
58 59 60
61 62 63
64 65 66
67 68 69
70 71 72
73 74 75
76 77 78
79 80 81
82 83 84
85 86 87
88 89 90
91 92 93
94 95 96
97 98 99
100 101 102
103 104 105
106 107 108
109 110 111
109 111 112
113 114 115
113 115 116
117 118 119
117 119 120
121 122 123
124 125 126
127 128 129
127 129 130
131 132 133
134 135 136
137 138 139
140 141 142
140 142 143
144 145 146
144 146 147
148 149 150
151 152 153
154 155 156
157 158 159
160 161 162
163 164 165
166 167 168
169 170 171
172 173 174
175 176 177
175 177 178
179 180 181
182 183 184
185 186 187
188 189 190
191 192 193
194 195 196
197 198 199
200 201 202
203 204 205
203 205 206
207 208 209
210 211 212
213 214 215
213 215 216
217 218 219
218 220 219
221 222 223
224 225 226
227 228 229
230 231 232
233 234 235
236 237 238
239 240 241
242 243 244
245 246 247
248 249 250
251 252 253
254 255 256
254 256 257
258 259 260
261 262 263
264 265 266
267 268 269
270 271 272
273 274 275
276 277 278
279 280 281
282 283 284
285 286 287
288 289 290
291 292 293
291 293 294
295 296 297
298 299 300
301 302 303
304 305 306
307 308 309
310 311 312
313 314 315
316 317 318
316 318 319
320 321 322
323 324 325
326 327 328
326 328 329
330 331 332
333 334 335
334 336 335
337 338 339
340 341 342
343 344 345
346 347 348
349 350 351
350 352 351
353 354 355
356 357 358
359 360 361
362 363 364
365 366 367
366 368 367
369 370 371
372 373 374
375 376 377
378 379 380
381 382 383
384 385 386
387 388 389
390 391 392
393 394 395
396 397 398
399 400 401
402 403 404
405 406 407
408 409 410
411 412 413
414 415 416
417 418 419
420 421 422
423 424 425
426 427 428
429 430 431
432 429 431
433 434 435
436 437 438
439 440 441
439 441 442
443 444 445
446 447 448
449 450 451
452 453 454
455 456 457
455 457 458
459 460 461
462 463 464
465 466 467
468 469 470
471 472 473
474 475 476
474 476 477
478 479 480
481 482 483
484 485 486
487 488 489
490 491 492
493 494 495
496 497 498
499 500 501
502 503 504
505 506 507
508 509 510
511 512 513
514 515 516
517 518 519
520 521 522
523 524 525
526 527 528
529 530 531
532 533 534
535 536 537
538 539 540
541 542 543
544 545 546
547 548 549
550 551 552
553 554 555
556 557 558
559 560 561
562 563 564
565 566 567
568 569 570
568 570 571
572 573 574
575 576 577
578 579 580
581 582 583
584 585 586
587 588 589
590 591 592
593 594 595
596 597 598
599 600 601
602 603 604
605 606 607
608 609 610
611 612 613
614 615 616
617 618 619
620 621 622
623 624 625
626 627 628
626 628 629
630 631 632
633 634 635
633 635 636
637 638 639
640 641 642
643 644 645
646 647 648
646 648 649
650 651 652
653 654 655
656 657 658
659 660 661
659 661 662
663 664 665
666 667 668
669 670 671
672 673 674
675 676 677
678 679 680
681 682 683
684 685 686
687 688 689
690 691 692
693 694 695
696 697 698
699 700 701
702 703 704
705 706 707
708 709 710
711 712 713
714 715 716
717 718 719
720 721 722
723 724 725
726 727 728
726 728 729
730 731 732
733 734 735
736 737 738
739 740 741
742 743 744
745 746 747
748 749 750
751 752 753
754 755 756
757 758 759
760 761 762
763 764 765
766 767 768
766 768 769
770 771 772
773 774 775
776 777 778
779 780 781
779 781 782
783 784 785
786 787 788
789 790 791
792 793 794
795 796 797
798 799 800
801 802 803
804 805 806
807 808 809
810 811 812
813 814 815
816 817 818
819 820 821
819 821 822
823 824 825
826 827 828
829 830 831
829 831 832
833 834 835
836 837 838
