Material: HALE
BaseColor: hale.png
Normal: None
Roughness: 0.5
Metallic: None
Alpha: 1.000000
Emissive: None
Vertices:
40.664597 -32.612938 65.495956 0.949385 0.016245
17.150343 -32.612938 72.560646 0.951569 0.019284
17.529051 -20.148643 75.499603 0.948366 0.021792
41.944366 -20.148643 68.164925 0.946048 0.019110
-7.291512 -32.612938 72.203003 0.954149 0.022183
-7.850607 -20.148643 75.126770 0.951253 0.024596
-8.039034 -7.370361 76.112160 0.948738 0.027261
17.656689 -7.370361 76.490112 0.945597 0.024621
42.375687 -7.370361 69.064445 0.942710 0.021975
35.698845 40.643879 55.139854 0.937384 0.037131
15.680868 40.643875 61.156876 0.940293 0.038187
14.626369 50.389355 52.973450 0.940586 0.041759
32.135376 50.389366 47.708218 0.938346 0.041040
-5.122103 40.643875 60.858162 0.943258 0.039557
-3.565323 50.389355 52.717007 0.943191 0.042786
-1.743168 58.715576 43.188137 0.943693 0.045963
13.392113 58.715576 43.395088 0.941501 0.045254
27.964485 58.715569 39.009811 0.939307 0.044949
7.415266 -89.147369 -3.845692 0.984741 0.015995
4.431175 -87.691750 11.269838 0.979900 0.015318
9.609760 -87.284256 13.752501 0.979009 0.014431
14.009861 -87.691750 9.907371 0.980597 0.014255
2.367007 -84.908478 21.808754 0.976392 0.015074
10.670660 -84.870857 22.171772 0.975994 0.013847
9.609760 -87.284256 13.752501 0.979009 0.014431
4.431175 -87.691750 11.269838 0.979900 0.015318
18.611565 -84.908493 19.504244 0.976453 0.012515
10.670660 -84.870857 22.171772 0.975994 0.013847
35.698845 -55.384594 55.139854 0.957846 0.012581
15.680868 -55.384583 61.156876 0.959118 0.015537
16.528854 -44.454372 67.737617 0.955194 0.017205
38.564423 -44.454372 61.116028 0.953615 0.014413
-5.122107 -55.384583 60.858154 0.960901 0.018275
-6.373999 -44.454372 67.404892 0.957381 0.020064
40.664604 17.872213 65.495972 0.938557 0.029190
17.150345 17.872219 72.560654 0.941717 0.031104
16.528860 29.713661 67.737625 0.940705 0.034610
38.564423 29.713661 61.116028 0.937971 0.033161
-7.291512 17.872219 72.203003 0.945013 0.033178
-6.373999 29.713661 67.404892 0.943874 0.036335
18.611565 70.167786 19.504246 0.944089 0.051821
10.670660 70.130142 22.171770 0.945056 0.051443
9.609760 72.543579 13.752501 0.946973 0.053450
14.009861 72.951027 9.907371 0.947635 0.054438
2.367007 70.167786 21.808754 0.946269 0.051715
4.431177 72.951027 11.269841 0.948153 0.054026
7.415268 74.406639 -3.845686 0.951180 0.057056
4.431177 72.951027 11.269841 0.948153 0.054026
27.964485 -73.456299 39.009811 0.967188 0.011316
13.392116 -73.456268 43.395088 0.967612 0.013696
14.626373 -65.130058 52.973450 0.963293 0.014382
32.135376 -65.130066 47.708218 0.962517 0.011948
-1.743170 -73.456268 43.188141 0.968579 0.015833
-3.565317 -65.130066 52.717003 0.964653 0.016854
17.529055 5.407923 75.499611 0.943389 0.027759
41.944370 5.407923 68.164932 0.940634 0.025582
-7.850607 5.407923 75.126770 0.946645 0.030137
12.028134 65.387604 32.797035 0.943078 0.048543
23.335669 65.392326 29.356392 0.941698 0.048385
0.282054 65.392311 32.611633 0.944755 0.049001
2.367007 70.167786 21.808754 0.946269 0.051715
10.670660 -84.870857 22.171772 0.975994 0.013847
12.028133 -80.128319 32.797039 0.971946 0.013558
23.335667 -80.133034 29.356388 0.971821 0.011915
2.367007 -84.908478 21.808754 0.976392 0.015074
0.282052 -80.133018 32.611637 0.972577 0.015239
-15.946793 58.715576 38.324051 0.946528 0.047165
-10.745113 65.387604 28.875679 0.946975 0.049868
-27.876942 58.715576 29.364861 0.949897 0.048780
-19.972605 65.392311 21.905792 0.949651 0.051108
-11.884502 70.167770 14.283077 0.949766 0.053153
-5.513062 70.130150 19.397852 0.947811 0.052249
-5.513068 -84.870857 19.397854 0.977269 0.016373
-10.745113 -80.128319 28.875679 0.973979 0.017039
-11.884506 -84.908493 14.283079 0.978823 0.017705
-19.972597 -80.133018 21.905790 0.976100 0.018878
-27.876942 -73.456268 29.364861 0.973227 0.020383
-15.946785 -73.456268 38.324047 0.970487 0.018088
-30.253880 -32.612938 64.323349 0.957824 0.025294
-31.695568 -20.148643 66.943245 0.955216 0.027673
-7.850607 -20.148643 75.126770 0.951253 0.024596
-49.554455 -32.612938 49.825733 0.962441 0.028520
-51.738857 -20.148643 51.887535 0.960086 0.030914
-52.475063 -7.370361 52.582424 0.957911 0.033399
-32.181465 -7.370361 67.826225 0.952894 0.030220
-8.039034 -7.370361 76.112160 0.948738 0.027261
-5.122103 40.643875 60.858162 0.943258 0.039557
-24.659790 40.643875 54.157600 0.947020 0.041443
-20.645435 50.389366 46.862576 0.946546 0.044331
-3.565323 50.389355 52.717007 0.943191 0.042786
-41.078526 40.643875 41.825508 0.951440 0.043753
-34.996140 50.389355 36.084496 0.950503 0.046309
-27.876942 58.715576 29.364861 0.949897 0.048781
-15.946793 58.715576 38.324051 0.946528 0.047165
-1.743168 58.715576 43.188137 0.943693 0.045963
7.415266 -89.147369 -3.845692 0.984741 0.015995
-3.968616 -87.691750 6.839960 0.981301 0.016892
-1.343166 -87.284256 11.880594 0.979745 0.016115
4.431175 -87.691750 11.269838 0.979900 0.015318
-1.343166 -87.284256 11.880594 0.979745 0.016115
-3.968616 -87.691750 6.839960 0.981302 0.016892
2.367007 -84.908478 21.808754 0.976392 0.015074
4.431175 -87.691750 11.269838 0.979900 0.015318
-24.659786 -55.384594 54.157593 0.963778 0.021162
-27.887951 -44.454380 60.023914 0.960689 0.023113
-41.078522 -55.384594 41.825512 0.967610 0.024105
-45.969727 -44.454372 46.442184 0.964957 0.026241
-7.291512 17.872219 72.203003 0.945013 0.033178
-30.253880 17.872217 64.323349 0.949219 0.035691
-27.887951 29.713665 60.023922 0.947920 0.038550
-6.373999 29.713661 67.404892 0.943874 0.036335
-49.554455 17.872217 49.825733 0.954184 0.038543
-45.969715 29.713665 46.442177 0.952677 0.041154
2.367007 70.167786 21.808754 0.946269 0.051715
-5.513062 70.130150 19.397852 0.947811 0.052249
-1.343166 72.543579 11.880594 0.948755 0.053912
4.431177 72.951027 11.269841 0.948153 0.054026
-3.968614 72.951027 6.839958 0.950225 0.054849
-1.343166 72.543579 11.880594 0.948755 0.053912
7.415268 74.406639 -3.845686 0.951180 0.057056
4.431177 72.951027 11.269841 0.948154 0.054026
-1.343166 72.543579 11.880594 0.948755 0.053912
-3.968614 72.951027 6.839958 0.950224 0.054849
-1.743170 -73.456268 43.188141 0.968579 0.015833
-15.946785 -73.456268 38.324047 0.970487 0.018088
-20.645428 -65.130066 46.862572 0.967058 0.019475
-3.565317 -65.130066 52.717003 0.964654 0.016854
-27.876942 -73.456268 29.364861 0.973227 0.020383
-34.996124 -65.130081 36.084488 0.970377 0.022140
-31.695568 5.407920 66.943245 0.950886 0.032903
-7.850607 5.407923 75.126770 0.946646 0.030137
-51.738869 5.407920 51.887535 0.955936 0.035950
-66.872162 -7.370361 31.775154 0.963462 0.036629
-65.958344 5.407920 31.336971 0.961474 0.039107
-74.081802 -7.370361 7.521488 0.969321 0.039792
-73.079025 5.407920 7.382536 0.967273 0.042254
-70.103683 17.872217 6.970238 0.965212 0.044631
-63.246922 17.872217 30.036846 0.959591 0.041565
-36.339340 58.715576 17.134651 0.953550 0.050680
-26.559212 65.387604 12.445078 0.952560 0.052597
-40.577045 58.715576 2.878703 0.957268 0.052746
-29.811954 65.392311 1.385776 0.955512 0.054246
-18.804193 70.167770 -0.147974 0.953993 0.055408
-16.738539 70.130150 7.736064 0.951869 0.054193
-16.738541 -84.870857 7.736065 0.980666 0.018997
-26.559212 -80.128319 12.445078 0.978727 0.020628
-18.804201 -84.908493 -0.147978 0.982842 0.020079
-29.811954 -80.133018 1.385776 0.981697 0.022169
-40.577045 -73.456268 2.878703 0.980301 0.024519
-36.339336 -73.456268 17.134653 0.976569 0.022567
-63.246922 -32.612938 30.036850 0.967679 0.031696
-65.958344 -20.148643 31.336971 0.965536 0.034152
-70.103683 -32.612938 6.970243 0.973308 0.034701
-73.079010 -20.148643 7.382532 0.971339 0.037267
-52.726017 40.643875 24.992073 0.956221 0.046324
-45.176159 50.389366 21.371912 0.954783 0.048570
-58.558735 40.643875 5.370445 0.961130 0.049029
-50.274006 50.389355 4.222424 0.959157 0.050991
7.415266 -89.147369 -3.845692 0.984741 0.015995
-8.044302 -87.691750 -1.659903 0.983706 0.018317
-8.935946 -87.284256 3.994719 0.982054 0.017920
-3.968616 -87.691750 6.839960 0.981302 0.016892
-18.804201 -84.908493 -0.147978 0.982842 0.020079
-16.738541 -84.870857 7.736065 0.980666 0.018997
-8.935946 -87.284256 3.994719 0.982054 0.017920
-8.044302 -87.691750 -1.659903 0.983706 0.018317
-11.884506 -84.908493 14.283079 0.978823 0.017705
-3.968616 -87.691750 6.839960 0.981302 0.016892
-8.935946 -87.284256 3.994719 0.982054 0.017920
-16.738541 -84.870857 7.736065 0.980666 0.018997
-52.726017 -55.384594 24.992073 0.972104 0.026939
-58.797298 -44.454380 27.903250 0.969875 0.029284
-58.558735 -55.384594 5.370445 0.977025 0.029538
-65.220963 -44.454372 6.293640 0.975210 0.032116
-58.797283 29.713665 27.903244 0.957832 0.043979
-65.220947 29.713665 6.293629 0.963157 0.046899
-11.884502 70.167770 14.283077 0.949766 0.053153
-16.738539 70.130150 7.736064 0.951869 0.054193
-8.935946 72.543571 3.994719 0.951538 0.055230
-3.968614 72.951027 6.839958 0.950224 0.054849
-18.804193 70.167770 -0.147974 0.953993 0.055408
-8.044300 72.951027 -1.659899 0.952760 0.056198
7.415268 74.406639 -3.845686 0.951180 0.057056
-3.968614 72.951027 6.839958 0.950225 0.054849
-8.935946 72.543571 3.994719 0.951538 0.055230
-8.044300 72.951027 -1.659899 0.952760 0.056198
-36.339336 -73.456268 17.134653 0.976569 0.022567
-45.176147 -65.130066 21.371906 0.974344 0.024689
-40.577045 -73.456268 2.878703 0.980302 0.024519
-50.274006 -65.130081 4.222424 0.978732 0.026994
-18.804193 70.167770 -0.147974 0.953993 0.055408
-18.803024 70.130142 -8.318419 0.956043 0.056638
-10.330761 72.543571 -6.863080 0.954396 0.056912
-8.044300 72.951027 -1.659899 0.952760 0.056198
-15.748981 70.167786 -15.972232 0.957726 0.057820
-6.239102 72.951027 -10.983072 0.954960 0.057644
-10.330761 72.543571 -6.863080 0.954396 0.056912
-6.239102 72.951027 -10.983072 0.954960 0.057644
-40.093044 -73.456284 -12.033075 0.984210 0.026123
-49.692665 -65.130066 -13.715574 0.983316 0.028935
-34.992512 -73.456299 -26.153515 0.988055 0.027259
-43.563301 -65.130081 -30.698959 0.987841 0.030375
-50.885891 -55.384594 -34.582443 0.987217 0.033517
-57.894260 -55.384594 -15.153046 0.982150 0.031779
-73.261536 -7.370361 -17.846430 0.975278 0.042770
-72.268814 5.407920 -17.672441 0.973120 0.045273
-64.606186 -7.370361 -41.858898 0.981077 0.045416
-63.719868 5.407920 -41.388840 0.978759 0.048019
-61.090061 17.872217 -39.994148 0.976183 0.050397
-69.323334 17.872217 -17.156193 0.970829 0.047624
-40.093044 58.715576 -12.033075 0.960838 0.054862
-29.469025 65.387604 -10.173130 0.958325 0.055943
-34.992508 58.715576 -26.153515 0.964028 0.056895
-25.477695 65.392311 -21.110455 0.960781 0.057573
-15.748981 70.167786 -15.972232 0.957726 0.057820
-18.803024 70.130142 -8.318419 0.956043 0.056638
-18.803024 -84.870857 -8.318419 0.985090 0.020998
-29.469025 -80.128319 -10.173130 0.984807 0.023414
-15.748983 -84.908493 -15.972238 0.987266 0.021515
-25.477703 -80.133018 -21.110451 0.987849 0.024246
-40.093044 -73.456284 -12.033075 0.984210 0.026123
-69.323334 -32.612938 -17.156193 0.979109 0.037414
-72.268814 -20.148643 -17.672430 0.977281 0.040141
-61.090061 -32.612938 -39.994148 0.984827 0.039685
-63.719868 -20.148643 -41.388836 0.983109 0.042626
-57.894260 40.643875 -15.153053 0.965941 0.051744
-49.692669 50.389366 -13.715572 0.963399 0.053448
-50.885891 40.643875 -34.582443 0.970394 0.054326
-43.563297 50.389355 -30.698971 0.967260 0.055800
-34.992508 58.715576 -26.153515 0.964028 0.056895
-40.093044 58.715576 -12.033075 0.960838 0.054862
7.415266 -89.147369 -3.845692 0.984741 0.015995
-6.239105 -87.691750 -10.983078 0.986344 0.019145
-10.330761 -87.284271 -6.863080 0.985092 0.019285
-8.044302 -87.691750 -1.659903 0.983706 0.018317
-15.748983 -84.908493 -15.972238 0.987266 0.021515
-18.803024 -84.870857 -8.318419 0.985090 0.020998
-18.804201 -84.908493 -0.147978 0.982842 0.020079
-18.803024 -84.870857 -8.318419 0.985090 0.020998
-64.489594 -44.454380 -16.308998 0.980739 0.034616
-56.774387 -44.454372 -37.705353 0.986204 0.036635
-64.489594 29.713665 -16.308998 0.968427 0.049791
-56.774387 29.713665 -37.705368 0.973382 0.052512
-50.885891 -55.384594 -34.582443 0.987217 0.033517
-38.093620 -55.384594 -50.990089 0.992068 0.034682
-42.693855 -44.454369 -55.771629 0.991428 0.038099
-56.774387 -44.454372 -37.705353 0.986204 0.036635
-20.868303 -55.384594 -62.831219 0.997141 0.035516
-23.733879 -44.454372 -68.807396 0.996561 0.039252
-25.834061 -32.612938 -73.187332 0.995980 0.042988
-46.065357 -32.612938 -59.276009 0.990307 0.041443
-61.090061 -32.612938 -39.994148 0.984827 0.039685
-61.090061 17.872217 -39.994148 0.976183 0.050397
-46.065365 17.872219 -59.276024 0.981118 0.052880
-42.693859 29.713657 -55.771641 0.977854 0.054976
-56.774387 29.713665 -37.705368 0.973382 0.052512
-25.834061 17.872213 -73.187332 0.986036 0.055425
-23.733879 29.713661 -68.807396 0.982072 0.057334
-20.868303 40.643879 -62.831219 0.978108 0.059243
-38.093620 40.643875 -50.990089 0.974332 0.056705
-50.885891 40.643875 -34.582443 0.970394 0.054326
-15.748981 70.167786 -15.972232 0.957726 0.057820
-10.832945 70.130142 -22.674097 0.959113 0.058926
-4.932469 72.543579 -16.575394 0.956369 0.058442
-6.239102 72.951027 -10.983072 0.954960 0.057644
-3.781032 70.167778 -27.195629 0.959810 0.060162
0.820673 72.951027 -17.598747 0.955495 0.058609
-4.932469 72.543579 -16.575394 0.956369 0.058442
-10.832945 70.130142 -22.674097 0.959113 0.058926
7.415268 74.406639 -3.845686 0.951180 0.057056
-6.239102 72.951027 -10.983072 0.954960 0.057644
-25.677341 -73.456299 -38.084457 0.991692 0.027867
-32.373043 -65.130066 -45.044052 0.992134 0.031252
-13.133949 -73.456299 -46.701187 0.995540 0.028083
-17.304838 -65.130066 -55.399593 0.996341 0.031799
-48.812241 -7.370361 -62.131161 0.986567 0.047659
-48.119827 5.407923 -61.411453 0.984021 0.050409
-63.719868 5.407920 -41.388840 0.978759 0.048019
-27.545151 -7.370361 -76.755821 0.992169 0.049830
-27.113831 5.407923 -75.856300 0.989103 0.052628
-25.677338 58.715576 -38.084457 0.966694 0.058783
-18.267790 65.387604 -30.385260 0.962778 0.059072
-13.133949 58.715569 -46.701187 0.969088 0.060893
-8.505136 65.392326 -37.047768 0.964449 0.060528
-3.781032 70.167778 -27.195629 0.959810 0.060162
-10.832945 70.130142 -22.674097 0.959113 0.058926
-10.832945 -84.870842 -22.674097 0.989313 0.021755
-18.267790 -80.128319 -30.385260 0.990686 0.024640
-3.781032 -84.908478 -27.195629 0.991292 0.021365
-8.505136 -80.133018 -37.047768 0.993416 0.024724
-48.119827 -20.148643 -61.411453 0.988652 0.044641
-27.113823 -20.148643 -75.856285 0.994075 0.046409
-32.373043 50.389362 -45.044052 0.970580 0.057965
-43.563297 50.389355 -30.698971 0.967260 0.055800
-17.304838 50.389362 -55.399593 0.973598 0.060068
0.820670 -87.691750 -17.598755 0.988017 0.018680
-4.932472 -87.284271 -16.575399 0.987895 0.019717
62.950352 -20.148643 53.720078 0.948366 0.021792
60.895889 -32.612938 51.584648 0.951569 0.019284
63.642773 -7.370361 54.439781 0.945597 0.024621
79.436722 -7.370361 34.167526 0.948738 0.027261
78.550400 -20.148643 33.697479 0.951253 0.024596
75.920593 -32.612938 32.302780 0.954149 0.022183
47.203571 50.389362 37.352665 0.940586 0.041759
52.924152 40.643875 43.298714 0.940293 0.038187
40.507874 58.715576 30.393074 0.941501 0.045254
49.823036 58.715576 18.462132 0.943693 0.045963
58.393826 50.389362 23.007586 0.943191 0.042786
65.716423 40.643875 26.891075 0.943258 0.039557
19.763004 -87.284271 8.884014 0.979009 0.014431
21.069635 -87.691750 3.291695 0.979900 0.015318
25.663475 -84.870842 14.982714 0.975994 0.013847
30.579515 -84.908478 8.280853 0.976392 0.015074
21.069635 -87.691750 3.291695 0.979900 0.015318
57.524387 -44.454372 48.080265 0.955194 0.017205
52.924152 -55.384583 43.298714 0.959118 0.015537
71.604919 -44.454372 30.013992 0.957381 0.020064
65.716415 -55.384583 26.891071 0.960901 0.018275
57.524387 29.713657 48.080265 0.940704 0.034610
60.895901 17.872219 51.584656 0.941717 0.031104
71.604919 29.713657 30.013992 0.943874 0.036335
75.920609 17.872219 32.302780 0.945013 0.033178
19.763004 72.543571 8.884014 0.946973 0.053449
25.663475 70.130142 14.982716 0.945056 0.051443
21.069635 72.951027 3.291698 0.948153 0.054026
30.579515 70.167778 8.280853 0.946269 0.051715
25.663475 70.130142 14.982716 0.945056 0.051443
19.763004 72.543571 8.884014 0.946973 0.053449
21.069635 72.951027 3.291698 0.948153 0.054026
47.203571 -65.130058 37.352673 0.963293 0.014382
40.507870 -73.456268 30.393074 0.967612 0.013696
58.393826 -65.130066 23.007586 0.964653 0.016854
49.823032 -73.456268 18.462135 0.968579 0.015833
62.950359 5.407923 53.720085 0.943389 0.027759
78.550400 5.407920 33.697479 0.946645 0.030137
33.098324 65.387604 22.693882 0.943078 0.048543
25.663475 70.130142 14.982716 0.945056 0.051443
30.579515 70.167778 8.280853 0.946269 0.051715
40.308235 65.392319 13.419081 0.944755 0.049001
33.098320 -80.128319 22.693882 0.971946 0.013558
40.308231 -80.133018 13.419075 0.972577 0.015239
30.579515 -84.908478 8.280853 0.976392 0.015074
44.299557 65.387604 2.481754 0.946975 0.049868
54.923576 58.715576 4.341705 0.946528 0.047165
33.633556 70.130157 0.627043 0.947811 0.052249
33.634727 70.167778 -7.543401 0.949766 0.053153
44.642490 65.392319 -9.077152 0.949651 0.051108
55.407589 58.715576 -10.570083 0.949897 0.048781
44.299557 -80.128319 2.481752 0.973979 0.017039
33.633556 -84.870857 0.627042 0.977269 0.016373
54.923573 -73.456268 4.341702 0.970487 0.018088
55.407589 -73.456268 -10.570083 0.973227 0.020383
44.642490 -80.133018 -9.077152 0.976100 0.018878
33.634735 -84.908493 -7.543403 0.978823 0.017705
75.920593 -32.612938 32.302780 0.954149 0.022183
78.550400 -20.148643 33.697479 0.951253 0.024596
87.099350 -20.148643 9.981070 0.955217 0.027673
84.153870 -32.612938 9.464821 0.957824 0.025294
79.436722 -7.370361 34.167526 0.948738 0.027261
88.092056 -7.370361 10.155054 0.952894 0.030220
88.912338 -7.370361 -15.212854 0.957911 0.033399
87.909561 -20.148643 -15.073896 0.960086 0.030914
84.934219 -32.612938 -14.661604 0.962441 0.028520
65.716423 40.643875 26.891075 0.943258 0.039557
58.393826 50.389362 23.007586 0.943191 0.042786
64.523193 50.389366 6.024204 0.946546 0.044331
72.724792 40.643879 7.461678 0.947020 0.041443
49.823036 58.715576 18.462132 0.943693 0.045963
54.923576 58.715576 4.341705 0.946528 0.047165
55.407589 58.715576 -10.570083 0.949897 0.048781
65.104538 50.389355 -11.913794 0.950503 0.046309
73.389282 40.643875 -13.061815 0.951440 0.043753
25.161295 -87.284271 -0.828299 0.979745 0.016115
22.874836 -87.691750 -6.031479 0.981302 0.016892
30.579515 -84.908478 8.280853 0.976392 0.015074
33.633556 -84.870857 0.627042 0.977269 0.016373
25.161295 -87.284271 -0.828299 0.979745 0.016115
21.069635 -87.691750 3.291695 0.979900 0.015318
33.634735 -84.908493 -7.543403 0.978823 0.017705
22.874836 -87.691750 -6.031479 0.981302 0.016892
65.716415 -55.384583 26.891071 0.960901 0.018275
71.604919 -44.454372 30.013992 0.957381 0.020064
79.320129 -44.454372 8.617630 0.960689 0.023113
72.724792 -55.384594 7.461679 0.963778 0.021162
80.051498 -44.454372 -13.985003 0.964957 0.026241
73.389282 -55.384594 -13.061815 0.967610 0.024105
75.920609 17.872219 32.302780 0.945013 0.033178
71.604919 29.713657 30.013992 0.943874 0.036335
79.320129 29.713665 8.617630 0.947920 0.038550
84.153870 17.872217 9.464815 0.949219 0.035691
80.051498 29.713665 -13.985006 0.952677 0.041154
84.934219 17.872217 -14.661604 0.954184 0.038543
30.579515 70.167778 8.280853 0.946269 0.051715
21.069635 72.951027 3.291698 0.948153 0.054026
25.161295 72.543571 -0.828299 0.948755 0.053912
33.633556 70.130157 0.627043 0.947811 0.052249
22.874836 72.951027 -6.031479 0.950225 0.054849
25.161295 72.543571 -0.828299 0.948755 0.053912
33.634727 70.167778 -7.543401 0.949766 0.053153
33.633556 70.130157 0.627043 0.947811 0.052249
25.161295 72.543571 -0.828299 0.948755 0.053912
22.874836 72.951027 -6.031479 0.950224 0.054849
49.823032 -73.456268 18.462135 0.968579 0.015833
58.393826 -65.130066 23.007586 0.964654 0.016854
64.523193 -65.130058 6.024204 0.967058 0.019475
54.923573 -73.456268 4.341702 0.970487 0.018088
65.104538 -65.130066 -11.913794 0.970377 0.022140
55.407589 -73.456268 -10.570083 0.973227 0.020383
78.550400 5.407920 33.697479 0.946646 0.030137
87.099350 5.407920 9.981066 0.950886 0.032903
87.909576 5.407920 -15.073910 0.955936 0.035950
80.788864 5.407920 -39.028332 0.961474 0.039107
81.702698 -7.370361 -39.466515 0.963462 0.036629
78.077454 17.872217 -37.728214 0.959591 0.041565
64.384995 17.872217 -57.517105 0.965212 0.044631
66.569397 5.407920 -59.578903 0.967273 0.042254
67.305618 -7.370361 -60.273800 0.969321 0.039792
41.389748 65.387604 -20.136457 0.952560 0.052597
51.169872 58.715576 -24.826029 0.953550 0.050680
31.569075 70.130157 -15.427444 0.951869 0.054193
26.715040 70.167778 -21.974453 0.953993 0.055408
34.803139 65.392319 -29.597172 0.955512 0.054246
42.707478 58.715576 -37.056240 0.957268 0.052746
41.389748 -80.128319 -20.136457 0.978727 0.020628
31.569075 -84.870857 -15.427444 0.980666 0.018997
51.169876 -73.456268 -24.826027 0.976569 0.022567
42.707478 -73.456268 -37.056240 0.980301 0.024519
34.803139 -80.133018 -29.597172 0.981697 0.022169
26.715038 -84.908493 -21.974461 0.982842 0.020079
80.788864 -20.148643 -39.028332 0.965536 0.034152
78.077454 -32.612938 -37.728210 0.967679 0.031696
66.569397 -20.148643 -59.578903 0.971339 0.037267
64.384995 -32.612938 -57.517097 0.973308 0.034701
60.006687 50.389366 -29.063280 0.954783 0.048570
67.556564 40.643879 -32.683445 0.956221 0.046324
51.169872 58.715576 -24.826029 0.953550 0.050680
49.826672 50.389355 -43.775864 0.959157 0.050991
55.909069 40.643875 -49.516884 0.961130 0.049029
23.766481 -87.284271 -11.686098 0.982054 0.017920
18.799150 -87.691750 -14.531342 0.983706 0.018317
33.634735 -84.908493 -7.543403 0.978823 0.017705
31.569075 -84.870857 -15.427444 0.980666 0.018997
26.715038 -84.908493 -21.974461 0.982842 0.020079
18.799150 -87.691750 -14.531342 0.983706 0.018317
23.766481 -87.284271 -11.686098 0.982054 0.017920
31.569075 -84.870857 -15.427444 0.980666 0.018997
73.627823 -44.454372 -35.594612 0.969875 0.029284
67.556564 -55.384594 -32.683441 0.972104 0.026939
60.800259 -44.454372 -54.133549 0.975210 0.032116
55.909069 -55.384594 -49.516884 0.977025 0.029538
73.627823 29.713665 -35.594612 0.957832 0.043979
60.800259 29.713665 -54.133553 0.963157 0.046899
33.634727 70.167778 -7.543401 0.949766 0.053153
22.874836 72.951027 -6.031479 0.950224 0.054849
23.766481 72.543571 -11.686098 0.951538 0.055230
31.569075 70.130157 -15.427444 0.951869 0.054193
18.799152 72.951027 -14.531338 0.952760 0.056198
23.766481 72.543571 -11.686098 0.951538 0.055230
22.874836 72.951027 -6.031479 0.950224 0.054849
26.715040 70.167778 -21.974453 0.953993 0.055408
31.569075 70.130157 -15.427444 0.951869 0.054193
23.766481 72.543571 -11.686098 0.951538 0.055230
18.799152 72.951027 -14.531338 0.952760 0.056198
60.006687 -65.130058 -29.063280 0.974344 0.024689
51.169876 -73.456268 -24.826027 0.976569 0.022567
49.826672 -65.130066 -43.775864 0.978732 0.026994
42.707478 -73.456268 -37.056240 0.980302 0.024519
26.715040 70.167778 -21.974453 0.953993 0.055408
18.799152 72.951027 -14.531338 0.952760 0.056198
16.173700 72.543571 -19.571972 0.954396 0.056912
20.343601 70.130142 -27.089233 0.956043 0.056638
10.399361 72.951027 -18.961218 0.954960 0.057644
16.173700 72.543571 -19.571972 0.954396 0.056912
12.463531 70.167778 -29.500135 0.957726 0.057820
10.399361 72.951027 -18.961218 0.954960 0.057644
35.475971 -65.130058 -54.553947 0.983316 0.028935
30.777332 -73.456284 -46.015430 0.984210 0.026123
39.490330 -55.384594 -61.848969 0.982150 0.031779
19.952642 -55.384594 -68.549530 0.987217 0.033517
18.395864 -65.130066 -60.408386 0.987841 0.030375
16.573709 -73.456299 -50.879524 0.988055 0.027259
46.526104 5.407920 -74.634628 0.973120 0.045273
47.012009 -7.370361 -75.517601 0.975278 0.042770
45.084423 17.872217 -72.014725 0.970829 0.047624
22.122057 17.872217 -79.894371 0.976183 0.050397
22.681156 5.407920 -82.818146 0.978759 0.048019
22.869585 -7.370361 -83.803543 0.981077 0.045416
25.575649 65.387604 -36.567059 0.958325 0.055943
30.777325 58.715576 -46.015427 0.960838 0.054862
14.548481 65.392319 -40.303020 0.960781 0.057573
16.573708 58.715576 -50.879524 0.964028 0.056895
25.575649 -80.128319 -36.567059 0.984807 0.023414
20.343601 -84.870857 -27.089233 0.985090 0.020998
30.777332 -73.456284 -46.015430 0.984210 0.026123
16.573709 -73.456299 -50.879524 0.988055 0.027259
14.548486 -80.133018 -40.303013 0.987849 0.024246
12.463528 -84.908493 -29.500141 0.987266 0.021515
46.526112 -20.148643 -74.634621 0.977281 0.040141
45.084412 -32.612938 -72.014725 0.979109 0.037414
22.681156 -20.148643 -82.818146 0.983109 0.042626
22.122057 -32.612938 -79.894371 0.984827 0.039685
35.475971 50.389366 -54.553947 0.963399 0.053448
39.490330 40.643879 -61.848969 0.965941 0.051744
16.573708 58.715576 -50.879524 0.964028 0.056895
18.395861 50.389355 -60.408386 0.967260 0.055800
19.952642 40.643875 -68.549530 0.970394 0.054326
16.173700 -87.284271 -19.571972 0.985092 0.019285
10.399358 -87.691750 -18.961224 0.986344 0.019145
26.715038 -84.908493 -21.974461 0.982842 0.020079
20.343601 -84.870857 -27.089233 0.985090 0.020998
42.718498 -44.454372 -67.715294 0.980739 0.034616
21.204544 -44.454372 -75.096260 0.986204 0.036635
42.718498 29.713665 -67.715294 0.968427 0.049791
21.204542 29.713665 -75.096275 0.973382 0.052512
19.952642 -55.384594 -68.549530 0.987217 0.033517
-1.698315 -44.454369 -75.428993 0.991428 0.038099
-0.850332 -55.384594 -68.848251 0.992068 0.034682
-2.319803 -32.612930 -80.252022 0.990306 0.041443
22.122057 17.872217 -79.894371 0.976183 0.050397
21.204542 29.713665 -75.096275 0.973382 0.052512
-1.698315 29.713657 -75.428993 0.977854 0.054976
-2.319801 17.872217 -80.252029 0.981118 0.052880
19.952642 40.643875 -68.549530 0.970394 0.054326
-0.850332 40.643875 -68.848251 0.974332 0.056705
12.463531 70.167778 -29.500135 0.957726 0.057820
10.399361 72.951027 -18.961218 0.954960 0.057644
5.220776 72.543571 -21.443876 0.956369 0.058442
4.159876 70.130142 -29.863150 0.959113 0.058926
5.220776 72.543571 -21.443876 0.956369 0.058442
4.159876 70.130142 -29.863150 0.959113 0.058926
18.395864 -65.130066 -60.408386 0.987841 0.030375
0.204172 -65.130058 -60.664829 0.992134 0.031252
1.438421 -73.456284 -51.086468 0.991692 0.027867
22.869585 -7.370361 -83.803543 0.981077 0.045416
22.681156 5.407920 -82.818146 0.978758 0.048019
-2.698513 5.407920 -83.190979 0.984021 0.050409
-2.826151 -7.370361 -84.181496 0.986567 0.047659
2.802401 65.387611 -40.488419 0.962778 0.059072
1.438416 58.715576 -51.086475 0.966694 0.058783
4.159876 70.130142 -29.863150 0.959113 0.058926
2.802401 -80.128319 -40.488419 0.990686 0.024640
4.159876 -84.870842 -29.863155 0.989313 0.021755
22.681156 -20.148643 -82.818146 0.983109 0.042626
-2.698513 -20.148643 -83.190979 0.988652 0.044641
18.395861 50.389355 -60.408386 0.967260 0.055800
0.204168 50.389362 -60.664829 0.970580 0.057965
10.399358 -87.691750 -18.961224 0.986344 0.019145
5.220775 -87.284271 -21.443882 0.987895 0.019717
4.159876 -84.870842 -29.863155 0.989313 0.021755
Indices:
0 1 2
0 2 3
1 4 5
1 5 2
2 5 6
2 6 7
3 2 7
3 7 8
9 10 11
9 11 12
10 13 14
10 14 11
11 14 15
11 15 16
12 11 16
12 16 17
18 19 20
18 20 21
22 23 24
22 24 25
26 21 20
26 20 27
28 29 30
28 30 31
29 32 33
29 33 30
30 33 4
30 4 1
31 30 1
31 1 0
34 35 36
34 36 37
35 38 39
35 39 36
36 39 13
36 13 10
37 36 10
37 10 9
40 41 42
40 42 43
44 45 42
44 42 41
46 43 42
46 42 47
48 49 50
48 50 51
49 52 53
49 53 50
50 53 32
50 32 29
51 50 29
51 29 28
8 7 54
8 54 55
7 6 56
7 56 54
54 56 38
54 38 35
55 54 35
55 35 34
17 16 57
17 57 58
16 15 59
16 59 57
57 59 60
57 60 41
58 57 41
58 41 40
26 61 62
26 62 63
61 64 65
61 65 62
62 65 52
62 52 49
63 62 49
63 49 48
15 66 67
15 67 59
66 68 69
66 69 67
67 69 70
67 70 71
59 67 71
59 71 60
64 72 73
64 73 65
72 74 75
72 75 73
73 75 76
73 76 77
65 73 77
65 77 52
4 78 79
4 79 80
78 81 82
78 82 79
79 82 83
79 83 84
80 79 84
80 84 85
86 87 88
86 88 89
87 90 91
87 91 88
88 91 92
88 92 93
89 88 93
89 93 94
95 96 97
95 97 98
74 72 99
74 99 100
101 102 99
101 99 72
32 103 104
32 104 33
103 105 106
103 106 104
104 106 81
104 81 78
33 104 78
33 78 4
107 108 109
107 109 110
108 111 112
108 112 109
109 112 90
109 90 87
110 109 87
110 87 86
113 114 115
113 115 116
70 117 118
70 118 71
119 120 121
119 121 122
123 124 125
123 125 126
124 127 128
124 128 125
125 128 105
125 105 103
126 125 103
126 103 32
85 84 129
85 129 130
84 83 131
84 131 129
129 131 111
129 111 108
130 129 108
130 108 107
83 132 133
83 133 131
132 134 135
132 135 133
133 135 136
133 136 137
131 133 137
131 137 111
68 138 139
68 139 69
138 140 141
138 141 139
139 141 142
139 142 143
69 139 143
69 143 70
74 144 145
74 145 75
144 146 147
144 147 145
145 147 148
145 148 149
75 145 149
75 149 76
81 150 151
81 151 82
150 152 153
150 153 151
151 153 134
151 134 132
82 151 132
82 132 83
90 154 155
90 155 91
154 156 157
154 157 155
155 157 140
155 140 138
91 155 138
91 138 92
158 159 160
158 160 161
162 163 164
162 164 165
166 167 168
166 168 169
105 170 171
105 171 106
170 172 173
170 173 171
171 173 152
171 152 150
106 171 150
106 150 81
111 137 174
111 174 112
137 136 175
137 175 174
174 175 156
174 156 154
112 174 154
112 154 90
176 177 178
176 178 179
180 181 178
180 178 177
182 183 184
182 184 185
127 186 187
127 187 128
186 188 189
186 189 187
187 189 172
187 172 170
128 187 170
128 170 105
190 191 192
190 192 193
194 195 192
194 192 191
182 185 196
182 196 197
188 198 199
188 199 189
198 200 201
198 201 199
199 201 202
199 202 203
189 199 203
189 203 172
134 204 205
134 205 135
204 206 207
204 207 205
205 207 208
205 208 209
135 205 209
135 209 136
140 210 211
140 211 141
210 212 213
210 213 211
211 213 214
211 214 215
141 211 215
141 215 142
146 216 217
146 217 147
216 218 219
216 219 217
217 219 200
217 200 220
147 217 220
147 220 148
152 221 222
152 222 153
221 223 224
221 224 222
222 224 206
222 206 204
153 222 204
153 204 134
156 225 226
156 226 157
225 227 228
225 228 226
226 228 229
226 229 230
157 226 230
157 230 140
231 232 233
231 233 234
235 236 233
235 233 232
237 234 233
237 233 238
172 203 239
172 239 173
203 202 240
203 240 239
239 240 223
239 223 221
173 239 221
173 221 152
136 209 241
136 241 175
209 208 242
209 242 241
241 242 227
241 227 225
175 241 225
175 225 156
243 244 245
243 245 246
244 247 248
244 248 245
245 248 249
245 249 250
246 245 250
246 250 251
252 253 254
252 254 255
253 256 257
253 257 254
254 257 258
254 258 259
255 254 259
255 259 260
261 262 263
261 263 264
265 266 267
265 267 268
269 270 267
269 267 266
200 271 272
200 272 201
271 273 274
271 274 272
272 274 247
272 247 244
201 272 244
201 244 243
206 275 276
206 276 277
275 278 279
275 279 276
276 279 256
276 256 253
277 276 253
277 253 252
212 280 281
212 281 213
280 282 283
280 283 281
281 283 284
281 284 285
213 281 285
213 285 214
218 286 287
218 287 219
286 288 289
286 289 287
287 289 273
287 273 271
219 287 271
219 271 200
251 250 290
251 290 224
250 249 291
250 291 290
290 291 278
290 278 275
224 290 275
224 275 206
260 259 292
260 292 293
259 258 294
259 294 292
292 294 282
292 282 280
293 292 280
293 280 212
231 295 296
231 296 232
288 286 296
288 296 295
235 232 296
235 296 286
0 3 297
0 297 298
3 8 299
3 299 297
297 299 300
297 300 301
298 297 301
298 301 302
9 12 303
9 303 304
12 17 305
12 305 303
303 305 306
303 306 307
304 303 307
304 307 308
18 21 309
18 309 310
26 311 309
26 309 21
312 313 309
312 309 311
28 31 314
28 314 315
31 0 298
31 298 314
314 298 302
314 302 316
315 314 316
315 316 317
34 37 318
34 318 319
37 9 304
37 304 318
318 304 308
318 308 320
319 318 320
319 320 321
40 43 322
40 322 323
46 324 322
46 322 43
325 326 327
325 327 328
48 51 329
48 329 330
51 28 315
51 315 329
329 315 317
329 317 331
330 329 331
330 331 332
8 55 333
8 333 299
55 34 319
55 319 333
333 319 321
333 321 334
299 333 334
299 334 300
17 58 335
17 335 305
58 40 336
58 336 335
335 336 337
335 337 338
305 335 338
305 338 306
26 63 339
26 339 311
63 48 330
63 330 339
339 330 332
339 332 340
311 339 340
311 340 341
306 338 342
306 342 343
338 337 344
338 344 342
342 344 345
342 345 346
343 342 346
343 346 347
341 340 348
341 348 349
340 332 350
340 350 348
348 350 351
348 351 352
349 348 352
349 352 353
354 355 356
354 356 357
355 358 359
355 359 356
356 359 360
356 360 361
357 356 361
357 361 362
363 364 365
363 365 366
364 367 368
364 368 365
365 368 369
365 369 370
366 365 370
366 370 371
18 310 372
18 372 373
374 375 376
374 376 377
378 379 376
378 376 375
380 381 382
380 382 383
381 354 357
381 357 382
382 357 362
382 362 384
383 382 384
383 384 385
386 387 388
386 388 389
387 363 366
387 366 388
388 366 371
388 371 390
389 388 390
389 390 391
392 393 394
392 394 395
46 396 397
46 397 324
398 399 400
398 400 401
402 403 404
402 404 405
403 380 383
403 383 404
404 383 385
404 385 406
405 404 406
405 406 407
358 408 409
358 409 359
408 386 389
408 389 409
409 389 391
409 391 410
359 409 410
359 410 360
360 410 411
360 411 412
410 391 413
410 413 411
411 413 414
411 414 415
412 411 415
412 415 416
347 346 417
347 417 418
346 345 419
346 419 417
417 419 420
417 420 421
418 417 421
418 421 422
353 352 423
353 423 424
352 351 425
352 425 423
423 425 426
423 426 427
424 423 427
424 427 428
362 361 429
362 429 430
361 360 412
361 412 429
429 412 416
429 416 431
430 429 431
430 431 432
371 370 433
371 433 434
370 369 435
370 435 433
433 435 422
433 422 436
434 433 436
434 436 437
18 373 438
18 438 439
440 441 438
440 438 373
442 443 444
442 444 445
385 384 446
385 446 447
384 362 430
384 430 446
446 430 432
446 432 448
447 446 448
447 448 449
391 390 450
391 450 413
390 371 434
390 434 450
450 434 437
450 437 451
413 450 451
413 451 414
452 453 454
452 454 455
269 456 457
269 457 458
459 460 461
459 461 462
407 406 463
407 463 464
406 385 447
406 447 463
463 447 449
463 449 465
464 463 465
464 465 466
467 468 469
467 469 470
269 471 472
269 472 456
473 470 469
473 469 474
466 465 475
466 475 476
465 449 477
465 477 475
475 477 478
475 478 479
476 475 479
476 479 480
416 415 481
416 481 482
415 414 483
415 483 481
481 483 484
481 484 485
482 481 485
482 485 486
422 421 487
422 487 488
421 420 470
421 470 487
487 470 473
487 473 489
488 487 489
488 489 490
428 427 491
428 491 492
427 426 493
427 493 491
491 493 494
491 494 495
492 491 495
492 495 496
432 431 497
432 497 498
431 416 482
431 482 497
497 482 486
497 486 499
498 497 499
498 499 500
437 436 501
437 501 502
436 422 488
436 488 501
501 488 503
501 503 504
502 501 504
502 504 505
18 439 506
18 506 507
508 509 506
508 506 439
496 507 506
496 506 492
449 448 510
449 510 477
448 432 498
448 498 510
510 498 500
510 500 511
477 510 511
477 511 478
414 451 512
414 512 483
451 437 502
451 502 512
512 502 505
512 505 513
483 512 513
483 513 484
514 511 515
514 515 516
511 500 517
511 517 515
515 517 249
515 249 248
516 515 248
516 248 247
518 519 520
518 520 521
519 522 523
519 523 520
520 523 258
520 258 257
521 520 257
521 257 256
524 525 526
524 526 527
269 266 528
269 528 471
265 529 528
265 528 266
494 530 531
494 531 532
530 514 516
530 516 531
531 516 247
531 247 274
532 531 274
532 274 273
533 534 535
533 535 536
534 518 521
534 521 535
535 521 256
535 256 279
536 535 279
536 279 278
490 489 537
490 537 538
489 473 539
489 539 537
537 539 284
537 284 283
538 537 283
538 283 282
496 495 540
496 540 541
495 494 532
495 532 540
540 532 273
540 273 289
541 540 289
541 289 288
500 542 543
500 543 517
542 533 536
542 536 543
543 536 278
543 278 291
517 543 291
517 291 249
522 544 545
522 545 523
544 490 538
544 538 545
545 538 282
545 282 294
523 545 294
523 294 258
231 546 547
231 547 295
496 541 547
496 547 546
288 295 547
288 547 548
