Material: HAT_STRIP
BaseColor: 1.0 .55 0.004 1.0
Normal: None
Roughness: None
Metallic: None
Alpha: 1.000000
Emissive: None
Vertices:
-10.017143 2.795817 -8.877714 0.897714 0.538781
-10.017143 2.611428 -8.830566 0.895639 0.532153
-10.096516 2.604305 -8.845522 0.896298 0.531897
-10.096516 2.788831 -8.892704 0.898374 0.538529
-9.798887 2.825710 -8.807220 0.894612 0.539855
-9.798887 2.641896 -8.760232 0.892544 0.533248
-9.873655 2.629572 -8.789459 0.893830 0.532806
-9.873655 2.813618 -8.836514 0.895901 0.539420
-9.599362 2.868802 -8.697679 0.889791 0.541404
-9.599362 2.685798 -8.650931 0.887734 0.534826
-9.666650 2.669049 -8.693466 0.889606 0.534224
-9.666650 2.852357 -8.740306 0.891667 0.540812
-9.426229 2.922277 -8.552788 0.883415 0.543325
-9.426229 2.740228 -8.506322 0.881370 0.536783
-9.483455 2.720175 -8.560736 0.883765 0.536062
-9.483455 2.902566 -8.607300 0.885814 0.542617
-9.286146 2.982558 -8.377531 0.875702 0.545492
-9.286146 2.801481 -8.331349 0.873670 0.538984
-9.331105 2.779492 -8.395761 0.876504 0.538194
-9.331105 2.960904 -8.442038 0.878541 0.544714
-9.184493 3.045686 -8.178098 0.866925 0.547761
-9.184493 2.865444 -8.132147 0.864903 0.541283
-9.215464 2.842984 -8.204281 0.868078 0.540476
-9.215464 3.023491 -8.250303 0.870103 0.546963
-9.125175 3.107739 -7.961707 0.857403 0.549991
-9.125175 2.928028 -7.915896 0.855386 0.543532
-9.140965 2.906495 -7.993128 0.858785 0.542758
-9.140965 3.086351 -8.038980 0.860803 0.549222
-9.110479 3.165248 -7.736411 0.847488 0.552058
-9.110479 2.985698 -7.690627 0.845473 0.545605
-9.110479 2.966229 -7.770062 0.848969 0.544905
-9.110479 3.145788 -7.815845 0.850983 0.551359
-9.140965 3.215816 -7.510856 0.837561 0.553876
-9.140965 3.035987 -7.464967 0.835542 0.547412
-9.125175 3.019305 -7.543530 0.838999 0.546813
-9.125175 3.198987 -7.589369 0.841017 0.553271
-9.215464 3.258228 -7.293962 0.828016 0.555400
-9.215464 3.077752 -7.247869 0.825988 0.548913
-9.184493 3.064104 -7.322410 0.829268 0.548423
-9.184493 3.244327 -7.368418 0.831293 0.554900
-9.331105 3.292342 -7.094592 0.819242 0.556626
-9.331105 3.111011 -7.048238 0.817202 0.550109
-9.286146 3.100285 -7.115663 0.820170 0.549723
-9.286146 3.281307 -7.161923 0.822206 0.556229
-9.483455 3.318717 -6.921135 0.811609 0.557574
-9.483455 3.136513 -6.874511 0.809557 0.551025
-9.426229 3.128397 -6.931947 0.812085 0.550734
-9.426229 3.310305 -6.978480 0.814133 0.557271
-9.666650 3.338151 -6.781032 0.805443 0.558272
-9.666650 3.155199 -6.734200 0.803382 0.551697
-9.599362 3.149374 -6.779152 0.805360 0.551487
-9.599362 3.332086 -6.825919 0.807419 0.558054
-9.873655 3.351232 -6.680281 0.801009 0.558742
-9.873655 3.167762 -6.633348 0.798944 0.552148
-9.798887 3.164038 -6.663896 0.800288 0.552014
-9.798887 3.347354 -6.710808 0.802353 0.558603
-10.096516 3.358017 -6.622996 0.798488 0.558986
-10.096516 3.174299 -6.576085 0.796424 0.552383
-10.017143 3.172715 -6.591020 0.797081 0.552326
-10.017143 3.356376 -6.637951 0.799147 0.558927
-10.326668 3.358013 -6.611188 0.797969 0.558986
-10.326668 3.174278 -6.564410 0.795910 0.552382
-10.245739 3.175085 -6.563276 0.795860 0.552412
-10.245739 3.358836 -6.610111 0.797921 0.559016
-10.555260 3.350384 -6.644801 0.799448 0.558712
-10.555260 3.166783 -6.598215 0.797398 0.552113
-10.475887 3.170321 -6.581278 0.796653 0.552240
-10.475887 3.353984 -6.627933 0.798706 0.558841
-10.773516 3.334325 -6.721937 0.802843 0.558135
-10.773516 3.150933 -6.675562 0.800802 0.551543
-10.698748 3.157480 -6.643691 0.799399 0.551779
-10.698748 3.340948 -6.690138 0.801443 0.558373
-10.973041 3.309423 -6.839133 0.808000 0.557240
-10.973041 3.126246 -6.792940 0.805967 0.550656
-10.905753 3.135908 -6.747530 0.803969 0.551003
-10.905753 3.319159 -6.793782 0.806004 0.557590
-11.146173 3.275831 -6.991552 0.814708 0.556032
-11.146173 3.092827 -6.945498 0.812681 0.549455
-11.088948 3.105501 -6.888389 0.810168 0.549911
-11.088948 3.288555 -6.934486 0.812196 0.556490
-11.286257 3.234274 -7.173184 0.822701 0.554539
-11.286257 3.051390 -7.127218 0.820678 0.547966
-11.241298 3.066756 -7.060638 0.817748 0.548518
-11.241298 3.249674 -7.106631 0.819772 0.555092
-11.387910 3.186009 -7.377005 0.831671 0.552804
-11.387910 3.003174 -7.331072 0.829649 0.546233
-11.356939 3.020747 -7.257589 0.826416 0.546865
-11.356939 3.203589 -7.303527 0.828437 0.553436
-11.447227 3.132664 -7.595197 0.841273 0.550887
-11.447227 2.949811 -7.549252 0.839251 0.544315
-11.431437 2.968982 -7.471677 0.835837 0.545004
-11.431437 3.151820 -7.517614 0.837859 0.551575
-11.461924 3.076177 -7.819422 0.851141 0.548857
-11.461924 2.893240 -7.773420 0.849116 0.542282
-11.461924 2.913300 -7.694718 0.845653 0.543003
-11.461924 3.096202 -7.740698 0.847676 0.549576
-11.431437 3.018665 -8.041113 0.860897 0.546790
-11.431437 2.835576 -7.995012 0.858868 0.540209
-11.447227 2.855767 -7.918189 0.855487 0.540935
-11.447227 3.038795 -7.964248 0.857514 0.547513
-11.356939 2.962367 -8.251801 0.870169 0.544766
-11.356939 2.779068 -8.205569 0.868134 0.538178
-11.387910 2.798592 -8.133554 0.864965 0.538880
-11.387910 2.981811 -8.179736 0.866998 0.545465
-11.241298 2.909601 -8.443477 0.878604 0.542870
-11.241298 2.726032 -8.397084 0.876563 0.536272
-11.286257 2.744074 -8.332613 0.873725 0.536921
-11.286257 2.927543 -8.378945 0.875764 0.543515
-11.088948 2.862742 -8.608922 0.885885 0.541186
-11.088948 2.678862 -8.562342 0.883835 0.534577
-11.146173 2.694572 -8.507827 0.881436 0.535142
-11.146173 2.878340 -8.554343 0.883483 0.541746
-10.905753 2.824188 -8.742004 0.891742 0.539800
-10.905753 2.639979 -8.695219 0.889683 0.533180
-10.973041 2.652509 -8.652668 0.887811 0.533630
-10.973041 2.836603 -8.699385 0.889866 0.540246
-10.698748 2.796311 -8.837942 0.895964 0.538798
-10.698748 2.611808 -8.790969 0.893897 0.532167
-10.773516 2.620313 -8.761876 0.892617 0.532473
-10.773516 2.804720 -8.808790 0.894681 0.539101
-10.475887 2.781306 -8.893462 0.898407 0.538259
-10.475887 2.596621 -8.846334 0.896333 0.531621
-10.555260 2.600338 -8.831667 0.895688 0.531755
-10.555260 2.784977 -8.878749 0.897760 0.538391
-10.245735 2.596198 -8.859616 0.896918 0.531606
-10.245735 2.780871 -8.906813 0.898995 0.538243
-10.326668 2.779292 -8.906982 0.899002 0.538187
-10.326668 2.594586 -8.859796 0.896926 0.531548
-10.254271 2.561563 -8.842808 0.896178 0.530361
-10.318132 2.560274 -8.842947 0.896184 0.530315
-10.274866 2.534329 -8.816584 0.895024 0.529383
-10.297537 2.533861 -8.816635 0.895026 0.529366
-10.027025 2.576189 -8.815462 0.894975 0.530887
-10.089664 2.570550 -8.827262 0.895494 0.530684
-10.050892 2.547441 -8.793346 0.894002 0.529854
-10.073125 2.545430 -8.797539 0.894186 0.529782
-10.089664 2.828419 -8.893192 0.898395 0.539952
-10.027025 2.833911 -8.881357 0.897874 0.540150
-10.073125 2.867389 -8.879840 0.897808 0.541353
-10.050892 2.869332 -8.875635 0.897623 0.541423
-9.809747 2.606016 -8.747067 0.891965 0.531959
-9.868752 2.596261 -8.770125 0.892980 0.531609
-9.835958 2.575570 -8.729592 0.891196 0.530865
-9.856901 2.572105 -8.737779 0.891556 0.530740
-9.868752 2.853458 -8.835876 0.895873 0.540852
-9.809747 2.862955 -8.812740 0.894855 0.541193
-9.856901 2.893188 -8.819850 0.895168 0.542280
-9.835958 2.896548 -8.811628 0.894806 0.542401
-9.610775 2.649295 -8.639874 0.887247 0.533514
-9.663876 2.636043 -8.673434 0.888724 0.533038
-9.638329 2.617122 -8.627421 0.886699 0.532358
-9.657179 2.612411 -8.639332 0.887224 0.532189
-9.663876 2.892202 -8.738884 0.891605 0.542245
-9.610775 2.905121 -8.705223 0.890123 0.542709
-9.657179 2.932205 -8.721025 0.890819 0.543682
-9.638329 2.936766 -8.709064 0.890292 0.543846
-9.437757 2.703156 -8.497469 0.880980 0.535450
-9.482919 2.687299 -8.540397 0.882870 0.534880
-9.465594 2.669357 -8.490240 0.880662 0.534235
-9.481624 2.663722 -8.505482 0.881333 0.534033
-9.482919 2.942188 -8.605465 0.885733 0.544041
-9.437757 2.957666 -8.562426 0.883839 0.544597
-9.481624 2.981946 -8.586706 0.884908 0.545470
-9.465594 2.987415 -8.571419 0.884235 0.545667
-9.297348 2.763937 -8.324703 0.873377 0.537635
-9.332829 2.746551 -8.375525 0.875614 0.537010
-9.324396 2.728728 -8.322730 0.873291 0.536369
-9.336992 2.722553 -8.340775 0.874085 0.536147
-9.332829 3.000084 -8.440199 0.878460 0.546122
-9.297348 3.017103 -8.389273 0.876219 0.546734
-9.336992 3.039133 -8.421521 0.877638 0.547525
-9.324396 3.045151 -8.403433 0.876842 0.547742
-9.194941 2.827543 -8.127633 0.864705 0.539921
-9.219378 2.809788 -8.184551 0.867210 0.539283
-9.220162 2.791229 -8.130739 0.864841 0.538616
-9.228835 2.784928 -8.150948 0.865731 0.538389
-9.219378 3.062112 -8.248882 0.870041 0.548351
-9.194941 3.079590 -8.191886 0.867532 0.548979
-9.228835 3.100134 -8.231300 0.869267 0.549718
-9.220162 3.106323 -8.211064 0.868376 0.549940
-9.134466 2.889882 -7.913353 0.855275 0.542161
-9.146924 2.872869 -7.974299 0.857957 0.541550
-9.156892 2.852823 -7.921169 0.855618 0.540829
-9.161316 2.846787 -7.942804 0.856571 0.540612
-9.146924 3.124362 -8.038401 0.860778 0.550588
-9.134466 3.141212 -7.977416 0.858094 0.551194
-9.161316 3.161046 -8.022900 0.860096 0.551907
-9.156892 3.167020 -8.001249 0.859143 0.552122
-9.118256 2.947404 -7.689801 0.845437 0.544229
-9.118256 2.932039 -7.752489 0.848195 0.543676
-9.137021 2.909959 -7.701761 0.845963 0.542883
-9.137021 2.904502 -7.724012 0.846942 0.542687
-9.118256 3.183134 -7.816506 0.851013 0.552701
-9.118256 3.198484 -7.753823 0.848254 0.553252
-9.137021 3.218337 -7.804021 0.850463 0.553966
-9.137021 3.223785 -7.781767 0.849484 0.554162
-9.146924 2.997619 -7.465541 0.835567 0.546033
-9.134466 2.984465 -7.527544 0.838296 0.545561
-9.161316 2.960076 -7.480891 0.836243 0.544684
-9.156892 2.955404 -7.502900 0.837211 0.544516
-9.134466 3.235701 -7.591632 0.841116 0.554590
-9.146924 3.249005 -7.529683 0.838390 0.555068
-9.156892 3.269435 -7.583005 0.840737 0.555803
-9.161316 3.274167 -7.561020 0.839769 0.555972
-9.219378 3.039350 -7.249454 0.826058 0.547533
-9.194941 3.028600 -7.308283 0.828647 0.547147
-9.228835 3.001902 -7.267284 0.826842 0.546187
-9.220162 2.998085 -7.288167 0.827761 0.546050
-9.194941 3.280576 -7.372611 0.831477 0.556203
-9.219378 3.291609 -7.313870 0.828892 0.556599
-9.220162 3.313014 -7.368570 0.831300 0.557369
-9.228835 3.316956 -7.347723 0.830382 0.557510
-9.332829 3.072593 -7.050390 0.817297 0.548728
-9.297348 3.064157 -7.103608 0.819639 0.548425
-9.336992 3.035337 -7.069672 0.818146 0.547389
-9.324396 3.032341 -7.088558 0.818977 0.547281
-9.297348 3.317240 -7.168281 0.822485 0.557521
-9.332829 3.326016 -7.115170 0.820148 0.557836
-9.324396 3.348641 -7.169385 0.822534 0.558649
-9.336992 3.351785 -7.150544 0.821705 0.558762
-9.482919 3.098090 -6.876772 0.809657 0.549644
-9.437757 3.091712 -6.922103 0.811651 0.549415
-9.481624 3.061059 -6.896379 0.810519 0.548313
-9.465594 3.058796 -6.912466 0.811228 0.548232
-9.437757 3.346018 -6.987150 0.814514 0.558555
-9.482919 3.352724 -6.941922 0.812524 0.558796
-9.465594 3.376577 -6.993748 0.814805 0.559653
-9.481624 3.378984 -6.977702 0.814098 0.559740
-9.663876 3.116792 -6.736094 0.803466 0.550316
-9.610775 3.112216 -6.771572 0.805027 0.550152
-9.657179 3.080000 -6.754877 0.804292 0.548994
-9.638329 3.078379 -6.767469 0.804846 0.548936
-9.610775 3.367630 -6.836946 0.807904 0.559332
-9.663876 3.372466 -6.801538 0.806346 0.559505
-9.638329 3.397480 -6.849128 0.808440 0.560404
-9.657179 3.399217 -6.836568 0.807887 0.560467
-9.868752 3.129406 -6.634428 0.798992 0.550770
-9.809747 3.126484 -6.658536 0.800053 0.550665
-9.856901 3.092878 -6.651275 0.799733 0.549457
-9.835958 3.091846 -6.659836 0.800110 0.549420
-9.809747 3.382720 -6.724102 0.802938 0.559874
-9.868752 3.385808 -6.700017 0.801878 0.559985
-9.835958 3.411919 -6.741709 0.803713 0.560923
-9.856901 3.413023 -6.733158 0.803337 0.560963
-10.089664 3.136058 -6.575953 0.796418 0.551009
-10.027025 3.134823 -6.587736 0.796937 0.550964
-10.073125 3.099880 -6.589857 0.797030 0.549708
-10.050892 3.099451 -6.594044 0.797214 0.549693
-10.027025 3.391523 -6.653319 0.799823 0.560190
-10.089664 3.392821 -6.641512 0.799303 0.560237
-10.050892 3.420056 -6.675925 0.800818 0.561216
-10.073125 3.420514 -6.671728 0.800633 0.561232
-10.318136 3.136243 -6.562721 0.795836 0.551015
-10.254271 3.136889 -6.561826 0.795796 0.551039
-10.297537 3.100566 -6.572841 0.796281 0.549733
-10.274866 3.100803 -6.572524 0.796267 0.549742
-10.254267 3.393712 -6.627267 0.798676 0.560269
-10.318136 3.393050 -6.628101 0.798713 0.560245
-10.274866 3.421538 -6.654221 0.799863 0.561269
-10.297537 3.421293 -6.654514 0.799875 0.561260
-10.545374 3.129058 -6.594703 0.797243 0.550757
-10.482738 3.131853 -6.581332 0.796655 0.550858
-10.521511 3.094082 -6.600376 0.797493 0.549500
-10.499278 3.095082 -6.595633 0.797284 0.549536
-10.482738 3.388547 -6.646530 0.799524 0.560083
-10.545374 3.385683 -6.659822 0.800109 0.559981
-10.499278 3.415649 -6.677023 0.800866 0.561058
-10.521511 3.414619 -6.681733 0.801073 0.561020
-10.762656 3.113611 -6.670034 0.800558 0.550202
-10.703651 3.118780 -6.644876 0.799451 0.550388
-10.736444 3.079546 -6.670783 0.800591 0.548978
-10.715502 3.081389 -6.661854 0.800198 0.549044
-10.703651 3.375206 -6.709786 0.802308 0.559604
-10.762656 3.369953 -6.734867 0.803411 0.559415
-10.715502 3.401632 -6.742899 0.803765 0.560554
-10.736444 3.399754 -6.751793 0.804157 0.560486
-10.961628 3.089401 -6.785274 0.805630 0.549332
-10.908527 3.097027 -6.749430 0.804053 0.549606
-10.934074 3.056436 -6.780809 0.805434 0.548147
-10.915224 3.059149 -6.768085 0.804874 0.548245
-10.908527 3.353156 -6.814073 0.806897 0.558811
-10.961628 3.345450 -6.849848 0.808472 0.558535
-10.915224 3.379034 -6.848812 0.808426 0.559742
-10.934074 3.376284 -6.861505 0.808985 0.559643
-11.134645 3.056511 -6.935645 0.812247 0.548150
-11.089484 3.066509 -6.890571 0.810264 0.548509
-11.106809 3.024765 -6.925869 0.811817 0.547009
-11.090779 3.028322 -6.909869 0.811113 0.547137
-11.089484 3.322374 -6.954997 0.813099 0.557705
-11.134645 3.312312 -7.000025 0.815081 0.557343
-11.090779 3.347895 -6.990337 0.814654 0.558622
-11.106809 3.344312 -7.006317 0.815358 0.558494
-11.275055 3.015619 -7.115202 0.820150 0.546680
-11.239574 3.027747 -7.062661 0.817837 0.547116
-11.248007 2.985160 -7.100202 0.819489 0.545585
-11.235411 2.989468 -7.081548 0.818669 0.545740
-11.239574 3.283421 -7.126948 0.820666 0.556305
-11.275055 3.271255 -7.179462 0.822978 0.555868
-11.235411 3.308820 -7.161855 0.822203 0.557218
-11.248007 3.304493 -7.180496 0.823023 0.557063
-11.377462 2.967936 -7.317011 0.829031 0.544967
-11.353025 2.981809 -7.259020 0.826479 0.545465
-11.352241 2.938754 -7.297058 0.828153 0.543918
-11.343568 2.943682 -7.276474 0.827247 0.544095
-11.353025 3.237381 -7.323237 0.829305 0.554650
-11.377462 3.223498 -7.381217 0.831856 0.554152
-11.343568 3.262927 -7.356697 0.830777 0.555569
-11.352241 3.257995 -7.377281 0.831683 0.555391
-11.437937 2.915075 -7.533328 0.838550 0.543067
-11.425479 2.930207 -7.472110 0.835856 0.543611
-11.415511 2.887107 -7.508887 0.837475 0.542062
-11.411087 2.892483 -7.487155 0.836518 0.542255
-11.425479 3.185781 -7.536323 0.838682 0.552796
-11.437937 3.170663 -7.597553 0.841377 0.552252
-11.411087 3.211731 -7.567383 0.840049 0.553729
-11.415511 3.206364 -7.589118 0.841006 0.553536
-11.454147 2.858947 -7.755888 0.848345 0.541049
-11.454147 2.874785 -7.693785 0.845612 0.541619
-11.435382 2.832073 -7.727589 0.847099 0.540084
-11.435382 2.837699 -7.705543 0.846129 0.540286
-11.454147 3.130445 -7.758059 0.848440 0.550807
-11.454147 3.114649 -7.820190 0.851175 0.550239
-11.435382 3.157069 -7.785850 0.849663 0.551764
-11.435382 3.151462 -7.807909 0.850634 0.551562
-11.425479 2.801651 -7.976192 0.858040 0.538990
-11.437937 2.817595 -7.915569 0.855372 0.539563
-11.411087 2.775706 -7.944807 0.856659 0.538058
-11.415511 2.781370 -7.923286 0.855712 0.538261
-11.437937 3.073433 -7.979962 0.858206 0.548758
-11.425479 3.057559 -8.040626 0.860876 0.548188
-11.415511 3.100971 -8.003749 0.859253 0.549748
-11.411087 3.095339 -8.025285 0.860200 0.549545
-11.353025 2.745416 -8.185828 0.867266 0.536969
-11.377462 2.760838 -8.129002 0.864765 0.537523
-11.343568 2.720195 -8.152254 0.865788 0.536063
-11.352241 2.725669 -8.132083 0.864901 0.536259
-11.377462 3.016944 -8.193560 0.867606 0.546728
-11.353025 3.001614 -8.250443 0.870109 0.546177
-11.352241 3.045607 -8.212756 0.868451 0.547758
-11.343568 3.040170 -8.232950 0.869339 0.547563
-11.239574 2.692554 -8.376821 0.875671 0.535069
-11.275055 2.706799 -8.325949 0.873432 0.535581
-11.235411 2.667807 -8.342044 0.874140 0.534180
-11.248007 2.672860 -8.323981 0.873346 0.534361
-11.275055 2.963254 -8.390720 0.876283 0.544798
-11.239574 2.949120 -8.441660 0.878524 0.544290
-11.248007 2.993235 -8.404922 0.876908 0.545876
-11.235411 2.988229 -8.423010 0.877704 0.545696
-11.089484 2.645426 -8.541979 0.882939 0.533375
-11.134645 2.657834 -8.498963 0.881046 0.533821
-11.090779 2.620874 -8.507007 0.881400 0.532493
-11.106809 2.625274 -8.491737 0.880728 0.532651
-11.134645 2.914707 -8.563990 0.883908 0.543053
-11.089484 2.902423 -8.607079 0.885804 0.542612
-11.106809 2.946160 -8.572987 0.884304 0.544184
-11.090779 2.941814 -8.588286 0.884977 0.544028
-10.908527 2.606458 -8.675179 0.888801 0.531975
-10.961628 2.616348 -8.641603 0.887324 0.532330
-10.915224 2.581781 -8.641029 0.887298 0.531088
-10.934074 2.585285 -8.629111 0.886774 0.531214
-10.961628 2.873671 -8.706903 0.890197 0.541579
-10.908527 2.863907 -8.740556 0.891678 0.541228
-10.934074 2.906718 -8.710699 0.890364 0.542766
-10.915224 2.903269 -8.722649 0.890890 0.542642
-10.703651 2.578057 -8.771645 0.893046 0.530954
-10.762656 2.584769 -8.748693 0.892036 0.531195
-10.715502 2.552901 -8.739288 0.891623 0.530050
-10.736444 2.555274 -8.731140 0.891264 0.530135
-10.762656 2.842518 -8.814267 0.894922 0.540459
-10.703651 2.835908 -8.837289 0.895935 0.540221
-10.736444 2.877214 -8.813057 0.894869 0.541706
-10.715502 2.874886 -8.821234 0.895229 0.541622
-10.482738 2.562489 -8.828103 0.895531 0.530395
-10.545374 2.565416 -8.816527 0.895022 0.530500
-10.499278 2.536478 -8.798424 0.894225 0.529460
-10.521511 2.537506 -8.794314 0.894044 0.529497
-10.545374 2.823479 -8.882334 0.897918 0.539775
-10.482738 2.820602 -8.893953 0.898429 0.539671
-10.521511 2.859797 -8.876504 0.897661 0.541080
-10.499278 2.858787 -8.880630 0.897843 0.541044
-10.318132 2.818413 -8.908888 0.899086 0.539593
-10.254271 2.819664 -8.908760 0.899081 0.539637
-10.297537 2.856200 -8.898969 0.898650 0.540951
-10.274866 2.856650 -8.898921 0.898648 0.540967
Indices:
0 1 2
0 2 3
4 5 6
4 6 7
8 9 10
8 10 11
12 13 14
12 14 15
16 17 18
16 18 19
20 21 22
20 22 23
24 25 26
24 26 27
28 29 30
28 30 31
32 33 34
32 34 35
36 37 38
36 38 39
40 41 42
40 42 43
44 45 46
44 46 47
48 49 50
48 50 51
52 53 54
52 54 55
56 57 58
56 58 59
60 61 62
60 62 63
64 65 66
64 66 67
68 69 70
68 70 71
72 73 74
72 74 75
76 77 78
76 78 79
80 81 82
80 82 83
84 85 86
84 86 87
88 89 90
88 90 91
92 93 94
92 94 95
96 97 98
96 98 99
100 101 102
100 102 103
104 105 106
104 106 107
108 109 110
108 110 111
112 113 114
112 114 115
116 117 118
116 118 119
120 121 122
120 122 123
124 125 3
124 3 2
1 0 7
1 7 6
5 4 11
5 11 10
9 8 15
9 15 14
13 12 19
13 19 18
17 16 23
17 23 22
21 20 27
21 27 26
25 24 31
25 31 30
29 28 35
29 35 34
33 32 39
33 39 38
37 36 43
37 43 42
41 40 47
41 47 46
45 44 51
45 51 50
49 48 55
49 55 54
53 52 59
53 59 58
57 56 63
57 63 62
61 60 67
61 67 66
65 64 71
65 71 70
69 68 75
69 75 74
73 72 79
73 79 78
77 76 83
77 83 82
81 80 87
81 87 86
85 84 91
85 91 90
89 88 95
89 95 94
93 92 99
93 99 98
97 96 103
97 103 102
101 100 107
101 107 106
105 104 111
105 111 110
109 108 115
109 115 114
113 112 119
113 119 118
117 116 123
117 123 122
121 120 126
121 126 127
127 124 128
127 128 129
129 128 130
129 130 131
2 1 132
2 132 133
133 132 134
133 134 135
0 3 136
0 136 137
137 136 138
137 138 139
6 5 140
6 140 141
141 140 142
141 142 143
4 7 144
4 144 145
145 144 146
145 146 147
10 9 148
10 148 149
149 148 150
149 150 151
8 11 152
8 152 153
153 152 154
153 154 155
14 13 156
14 156 157
157 156 158
157 158 159
12 15 160
12 160 161
161 160 162
161 162 163
18 17 164
18 164 165
165 164 166
165 166 167
16 19 168
16 168 169
169 168 170
169 170 171
22 21 172
22 172 173
173 172 174
173 174 175
20 23 176
20 176 177
177 176 178
177 178 179
26 25 180
26 180 181
181 180 182
181 182 183
24 27 184
24 184 185
185 184 186
185 186 187
30 29 188
30 188 189
189 188 190
189 190 191
28 31 192
28 192 193
193 192 194
193 194 195
34 33 196
34 196 197
197 196 198
197 198 199
32 35 200
32 200 201
201 200 202
201 202 203
38 37 204
38 204 205
205 204 206
205 206 207
36 39 208
36 208 209
209 208 210
209 210 211
42 41 212
42 212 213
213 212 214
213 214 215
40 43 216
40 216 217
217 216 218
217 218 219
46 45 220
46 220 221
221 220 222
221 222 223
44 47 224
44 224 225
225 224 226
225 226 227
50 49 228
50 228 229
229 228 230
229 230 231
48 51 232
48 232 233
233 232 234
233 234 235
54 53 236
54 236 237
237 236 238
237 238 239
52 55 240
52 240 241
241 240 242
241 242 243
58 57 244
58 244 245
245 244 246
245 246 247
56 59 248
56 248 249
249 248 250
249 250 251
62 61 252
62 252 253
253 252 254
253 254 255
60 63 256
60 256 257
257 256 258
257 258 259
66 65 260
66 260 261
261 260 262
261 262 263
64 67 264
64 264 265
265 264 266
265 266 267
70 69 268
70 268 269
269 268 270
269 270 271
68 71 272
68 272 273
273 272 274
273 274 275
74 73 276
74 276 277
277 276 278
277 278 279
72 75 280
72 280 281
281 280 282
281 282 283
78 77 284
78 284 285
285 284 286
285 286 287
76 79 288
76 288 289
289 288 290
289 290 291
82 81 292
82 292 293
293 292 294
293 294 295
80 83 296
80 296 297
297 296 298
297 298 299
86 85 300
86 300 301
301 300 302
301 302 303
84 87 304
84 304 305
305 304 306
305 306 307
90 89 308
90 308 309
309 308 310
309 310 311
88 91 312
88 312 313
313 312 314
313 314 315
94 93 316
94 316 317
317 316 318
317 318 319
92 95 320
92 320 321
321 320 322
321 322 323
98 97 324
98 324 325
325 324 326
325 326 327
96 99 328
96 328 329
329 328 330
329 330 331
102 101 332
102 332 333
333 332 334
333 334 335
100 103 336
100 336 337
337 336 338
337 338 339
106 105 340
106 340 341
341 340 342
341 342 343
104 107 344
104 344 345
345 344 346
345 346 347
110 109 348
110 348 349
349 348 350
349 350 351
108 111 352
108 352 353
353 352 354
353 354 355
114 113 356
114 356 357
357 356 358
357 358 359
112 115 360
112 360 361
361 360 362
361 362 363
118 117 364
118 364 365
365 364 366
365 366 367
116 119 368
116 368 369
369 368 370
369 370 371
122 121 372
122 372 373
373 372 374
373 374 375
120 123 376
120 376 377
377 376 378
377 378 379
125 126 380
125 380 381
381 380 382
381 382 383
124 2 133
124 133 128
128 133 135
128 135 130
1 6 141
1 141 132
132 141 143
132 143 134
5 10 149
5 149 140
140 149 151
140 151 142
9 14 157
9 157 148
148 157 159
148 159 150
13 18 165
13 165 156
156 165 167
156 167 158
17 22 173
17 173 164
164 173 175
164 175 166
21 26 181
21 181 172
172 181 183
172 183 174
25 30 189
25 189 180
180 189 191
180 191 182
29 34 197
29 197 188
188 197 199
188 199 190
33 38 205
33 205 196
196 205 207
196 207 198
37 42 213
37 213 204
204 213 215
204 215 206
41 46 221
41 221 212
212 221 223
212 223 214
45 50 229
45 229 220
220 229 231
220 231 222
49 54 237
49 237 228
228 237 239
228 239 230
53 58 245
53 245 236
236 245 247
236 247 238
57 62 253
57 253 244
244 253 255
244 255 246
61 66 261
61 261 252
252 261 263
252 263 254
65 70 269
65 269 260
260 269 271
260 271 262
69 74 277
69 277 268
268 277 279
268 279 270
73 78 285
73 285 276
276 285 287
276 287 278
77 82 293
77 293 284
284 293 295
284 295 286
81 86 301
81 301 292
292 301 303
292 303 294
85 90 309
85 309 300
300 309 311
300 311 302
89 94 317
89 317 308
308 317 319
308 319 310
93 98 325
93 325 316
316 325 327
316 327 318
97 102 333
97 333 324
324 333 335
324 335 326
101 106 341
101 341 332
332 341 343
332 343 334
105 110 349
105 349 340
340 349 351
340 351 342
109 114 357
109 357 348
348 357 359
348 359 350
113 118 365
113 365 356
356 365 367
356 367 358
117 122 373
117 373 364
364 373 375
364 375 366
121 127 129
121 129 372
372 129 131
372 131 374
126 120 377
126 377 380
380 377 379
380 379 382
123 116 369
123 369 376
376 369 371
376 371 378
119 112 361
119 361 368
368 361 363
368 363 370
115 108 353
115 353 360
360 353 355
360 355 362
111 104 345
111 345 352
352 345 347
352 347 354
107 100 337
107 337 344
344 337 339
344 339 346
103 96 329
103 329 336
336 329 331
336 331 338
99 92 321
99 321 328
328 321 323
328 323 330
95 88 313
95 313 320
320 313 315
320 315 322
91 84 305
91 305 312
312 305 307
312 307 314
87 80 297
87 297 304
304 297 299
304 299 306
83 76 289
83 289 296
296 289 291
296 291 298
79 72 281
79 281 288
288 281 283
288 283 290
75 68 273
75 273 280
280 273 275
280 275 282
71 64 265
71 265 272
272 265 267
272 267 274
67 60 257
67 257 264
264 257 259
264 259 266
63 56 249
63 249 256
256 249 251
256 251 258
59 52 241
59 241 248
248 241 243
248 243 250
55 48 233
55 233 240
240 233 235
240 235 242
51 44 225
51 225 232
232 225 227
232 227 234
47 40 217
47 217 224
224 217 219
224 219 226
43 36 209
43 209 216
216 209 211
216 211 218
39 32 201
39 201 208
208 201 203
208 203 210
35 28 193
35 193 200
200 193 195
200 195 202
31 24 185
31 185 192
192 185 187
192 187 194
27 20 177
27 177 184
184 177 179
184 179 186
23 16 169
23 169 176
176 169 171
176 171 178
19 12 161
19 161 168
168 161 163
168 163 170
15 8 153
15 153 160
160 153 155
160 155 162
11 4 145
11 145 152
152 145 147
152 147 154
7 0 137
7 137 144
144 137 139
144 139 146
3 125 381
3 381 136
136 381 383
136 383 138
127 126 125
127 125 124
