Material: malakhe
BaseColor: bale.png
Normal: None
Roughness: 0.5
Metallic: 0.735
Emissive: None
Alpha: 1.000000
Vertices:
6.087272 3.014564 -2.632263 0.544574 0.159645
6.117912 3.074715 -2.560795 0.566624 0.146498
5.881992 2.907769 -2.493948 0.572616 0.225817
5.857310 2.854399 -2.561513 0.551989 0.236782
6.120741 3.150587 -2.474397 0.596049 0.137378
5.882175 2.976852 -2.413634 0.599924 0.218089
5.624636 2.789209 -2.347972 0.604107 0.305236
5.625134 2.732221 -2.414747 0.581425 0.311452
5.604908 2.689675 -2.472723 0.564133 0.320142
6.062587 3.065701 -2.686566 0.249713 0.152620
6.063631 3.012903 -2.680741 0.258633 0.162980
5.835978 2.854738 -2.609087 0.261182 0.232597
5.832182 2.904330 -2.616611 0.252045 0.223412
6.087272 3.014564 -2.632263 0.270110 0.157216
5.857310 2.854399 -2.561513 0.272465 0.227664
5.604908 2.689675 -2.472723 0.275325 0.302439
5.585264 2.693696 -2.517034 0.264304 0.306244
5.579159 2.738880 -2.527940 0.254903 0.298445
6.085844 3.238410 -2.546092 0.489331 0.127818
6.084227 3.153073 -2.635418 0.521402 0.136159
5.847408 2.984698 -2.569131 0.520430 0.216095
5.846024 3.063757 -2.485004 0.490271 0.209060
6.062587 3.065701 -2.686566 0.544574 0.151224
5.832182 2.904330 -2.616611 0.542089 0.228930
5.579159 2.738880 -2.527940 0.535026 0.313134
5.589493 2.808136 -2.489902 0.516823 0.302508
5.587231 2.875196 -2.419019 0.491285 0.296747
6.005047 3.236598 -2.320252 0.095613 0.142081
5.966880 3.274164 -2.313607 0.106879 0.148605
5.745612 3.098754 -2.266186 0.099714 0.217364
5.780896 3.060743 -2.271550 0.088596 0.211683
5.976547 3.298038 -2.360078 0.116288 0.138693
5.751439 3.122362 -2.310223 0.109278 0.208642
5.510996 2.922944 -2.269285 0.101365 0.282673
5.509456 2.898404 -2.229371 0.091600 0.289982
5.541232 2.861623 -2.231095 0.080694 0.285455
6.071206 3.200838 -2.383562 0.626232 0.143629
5.838704 3.024662 -2.329685 0.627862 0.223158
6.005047 3.236598 -2.320252 0.649511 0.154594
5.780896 3.060743 -2.271550 0.649511 0.232088
5.541232 2.861623 -2.231095 0.645399 0.316231
5.589193 2.829274 -2.278363 0.627294 0.309245
6.469205 3.417462 -2.587858 0.586987 0.016407
6.397801 3.435740 -2.503366 0.612629 0.032116
6.268347 3.338451 -2.445169 0.619714 0.077414
6.321733 3.298301 -2.528047 0.592452 0.069066
6.314669 3.431043 -2.449563 0.629121 0.052716
6.196399 3.363117 -2.388378 0.640368 0.091104
3.753799 1.576608 -1.749113 0.336831 0.170258
3.748558 1.492689 -1.789686 0.357693 0.157955
3.992144 1.667318 -1.856844 0.361310 0.240236
3.992966 1.743567 -1.816739 0.341414 0.250424
3.751424 1.413732 -1.862802 0.385289 0.149633
3.997014 1.594914 -1.927014 0.387424 0.233227
4.254431 1.784765 -1.994279 0.389662 0.320835
4.249238 1.846069 -1.933442 0.367180 0.326476
4.246929 1.911177 -1.898687 0.349892 0.334508
3.772128 1.396781 -2.084898 0.649511 0.163761
3.704622 1.414565 -2.015103 0.670745 0.148136
3.947231 1.595702 -2.074567 0.672910 0.230868
4.008335 1.574135 -2.138818 0.652619 0.244240
3.656686 1.457691 -1.919050 0.700420 0.139076
3.903533 1.639793 -1.983586 0.701425 0.223146
4.162207 1.830566 -2.051176 0.702479 0.311233
4.199839 1.790420 -2.130176 0.677449 0.317590
4.253244 1.768597 -2.183934 0.659767 0.328689
3.691986 1.613191 -1.780789 0.052744 0.850532
3.731521 1.624115 -1.748327 0.044647 0.845030
3.968992 1.788728 -1.815470 0.050307 0.770948
3.931551 1.781476 -1.847453 0.058707 0.775765
3.753799 1.576608 -1.749113 0.033006 0.843556
3.992966 1.743567 -1.816739 0.038919 0.768856
4.246929 1.911177 -1.898687 0.044850 0.688972
4.221790 1.952547 -1.898961 0.055929 0.691413
4.186067 1.949997 -1.929024 0.064673 0.695736
3.658006 1.540443 -1.838215 0.730303 0.147423
3.902454 1.716611 -1.904662 0.730117 0.230184
3.691986 1.613191 -1.780789 0.751903 0.162536
3.931551 1.781476 -1.847453 0.750721 0.243067
4.186067 1.949997 -1.929024 0.745595 0.327662
4.160544 1.896528 -1.981068 0.727654 0.316989
3.301557 1.176543 -1.812567 0.698926 0.014444
3.317769 1.250937 -1.758934 0.720928 0.026225
3.448151 1.375115 -1.791524 0.726088 0.074809
3.440465 1.295724 -1.860772 0.699532 0.064963
3.375966 1.332333 -1.732728 0.735908 0.049578
3.490432 1.449028 -1.744571 0.745190 0.092460
3.422909 1.307498 -1.706928 0.347168 0.055763
3.378757 1.221415 -1.724990 0.361096 0.033774
3.535504 1.331210 -1.743725 0.358568 0.085211
3.549835 1.415771 -1.712688 0.340220 0.099992
3.365968 1.148156 -1.775391 0.381999 0.021956
3.532349 1.254399 -1.807150 0.383392 0.075495
4.547554 2.410840 -2.362561 0.554956 0.541289
4.571519 2.333356 -2.302985 0.581543 0.538445
4.566530 2.397011 -2.236558 0.581237 0.563158
4.551758 2.481447 -2.327602 0.548826 0.560983
4.643364 2.243472 -2.236262 0.616287 0.534056
4.628022 2.314718 -2.169653 0.613640 0.560339
4.668662 2.367126 -2.094264 0.621380 0.584104
4.591725 2.466877 -2.181823 0.580742 0.586290
4.564019 2.524227 -2.262451 0.553723 0.581386
4.623038 2.364856 -2.486405 0.549011 0.507573
4.662643 2.277567 -2.447655 0.575258 0.498639
4.604812 2.295720 -2.379429 0.578225 0.516129
4.579885 2.405494 -2.434334 0.546581 0.525806
4.748785 2.175448 -2.358898 0.617431 0.496124
4.672148 2.214479 -2.316189 0.610375 0.512703
4.746252 2.413211 -2.561439 0.176400 0.509951
4.808440 2.336985 -2.536995 0.200816 0.513934
4.732740 2.296861 -2.503987 0.201399 0.534306
4.674579 2.406625 -2.529114 0.172513 0.522845
4.888083 2.255849 -2.458874 0.237668 0.514418
4.813937 2.211457 -2.425478 0.239171 0.535374
4.748785 2.175448 -2.358898 0.246422 0.552165
4.662643 2.277567 -2.447655 0.203719 0.548847
4.623038 2.364856 -2.486405 0.178500 0.539092
4.845018 2.527581 -2.543705 0.176913 0.469143
4.927428 2.472994 -2.515657 0.201691 0.465134
4.874400 2.400971 -2.540535 0.200350 0.489614
4.780370 2.484176 -2.556422 0.171757 0.489510
5.026554 2.393759 -2.429448 0.242471 0.461629
4.957502 2.317992 -2.462680 0.237930 0.489877
4.861483 2.640969 -2.443596 0.179738 0.440575
4.944936 2.609251 -2.397153 0.204448 0.431248
4.947172 2.548394 -2.466297 0.201899 0.445079
4.835287 2.592719 -2.500261 0.173348 0.456447
5.025422 2.544275 -2.313529 0.239986 0.428159
5.026114 2.487921 -2.394598 0.234510 0.441671
4.785999 2.686952 -2.319751 0.167820 0.455962
4.857173 2.661623 -2.249166 0.143405 0.451022
4.909054 2.649519 -2.323266 0.144175 0.430878
4.807159 2.668672 -2.393529 0.171757 0.443186
4.955602 2.576107 -2.155757 0.101076 0.447476
4.982922 2.587212 -2.247141 0.111912 0.428846
5.025422 2.544275 -2.313529 0.107348 0.414121
4.944936 2.609251 -2.397153 0.142067 0.416468
4.861483 2.640969 -2.443596 0.166022 0.426754
4.662786 2.638597 -2.244718 0.166022 0.496733
4.709526 2.604087 -2.161653 0.141658 0.499539
4.783675 2.645787 -2.196191 0.143551 0.475407
4.712465 2.667542 -2.298749 0.171757 0.476536
4.788966 2.523498 -2.082763 0.104913 0.498003
4.865735 2.565224 -2.113571 0.105923 0.473761
4.992537 2.165161 -2.311760 0.291328 0.510646
4.930855 2.129998 -2.285049 0.292135 0.527752
4.880939 2.159292 -2.352102 0.269115 0.532310
4.949162 2.199807 -2.381406 0.268025 0.513057
4.862517 2.111402 -2.234101 0.293686 0.541993
4.828219 2.134146 -2.311565 0.272113 0.545452
3.411923 1.131854 -1.850844 0.403458 0.032685
3.574720 1.225314 -1.892534 0.408658 0.083923
3.478714 1.156807 -1.918684 0.418445 0.053930
3.618296 1.230904 -1.972469 0.427664 0.097744
3.830381 1.369813 -2.039709 0.434646 0.167744
3.792057 1.375226 -1.954750 0.413255 0.156527
5.050373 2.130008 -2.187536 0.326140 0.504339
5.010516 2.107763 -2.170067 0.326627 0.515289
4.975269 2.114555 -2.222977 0.311466 0.521476
5.026004 2.142950 -2.245185 0.310839 0.507521
5.010516 2.107763 -2.170067 0.426545 0.540763
4.972692 2.099522 -2.140232 0.419016 0.530035
4.926953 2.103352 -2.184467 0.425046 0.522845
4.975269 2.114555 -2.222977 0.434646 0.536673
4.926953 2.103352 -2.184467 0.312702 0.531084
6.314669 3.431043 -2.449563 0.105128 0.041679
6.313542 3.465226 -2.465722 0.113722 0.037272
6.160432 3.396723 -2.386093 0.111852 0.086833
6.196399 3.363117 -2.388378 0.101009 0.081059
6.295207 3.476195 -2.482278 0.120592 0.038417
6.170308 3.421124 -2.428520 0.120766 0.077352
5.094825 2.281872 -2.307866 0.289638 0.469132
5.048120 2.216200 -2.316550 0.291051 0.490786
5.011981 2.256525 -2.387067 0.267811 0.490812
5.057068 2.312455 -2.381079 0.267137 0.471487
3.478714 1.156807 -1.918684 0.287625 0.967062
3.411923 1.131854 -1.850844 0.293227 0.981862
3.331406 1.111662 -1.853330 0.284105 1.000000
3.442355 1.155053 -1.936163 0.279623 0.974206
3.280584 1.123080 -1.780048 0.381380 0.000000
3.331406 1.111662 -1.853330 0.401951 0.012430
3.331406 1.111662 -1.853330 0.678651 0.013227
3.280584 1.123080 -1.780048 0.698750 0.000000
3.351984 1.158544 -1.888769 0.677213 0.026748
3.351984 1.158544 -1.888769 0.274122 0.987895
3.433189 1.177809 -1.949871 0.272600 0.971560
5.342716 2.530600 -2.433514 0.267452 0.379123
5.332494 2.570900 -2.447842 0.257587 0.373121
5.359445 2.523150 -2.390450 0.278342 0.376553
5.163784 2.378712 -2.318985 0.283475 0.437839
5.164196 2.397052 -2.372056 0.271754 0.435500
5.131693 2.418930 -2.392749 0.260282 0.437274
4.911273 2.383660 -2.006070 0.051693 0.491107
4.973763 2.417592 -2.031833 0.052605 0.471289
4.926705 2.487258 -2.060634 0.075858 0.472831
4.857163 2.448117 -2.032639 0.074687 0.494903
5.042898 2.433293 -2.081219 0.052552 0.448347
4.987985 2.503603 -2.092683 0.074625 0.453811
4.800000 2.276083 -2.018833 0.049659 0.522470
4.854071 2.334266 -2.002878 0.050365 0.508029
4.793958 2.391793 -2.027360 0.072660 0.513958
4.745016 2.339781 -2.037152 0.071494 0.527575
4.721200 2.459673 -2.077324 0.102148 0.518665
4.668662 2.367126 -2.094264 0.095135 0.535244
5.061846 2.132514 -2.050766 0.400542 0.550179
5.059835 2.136629 -2.041973 0.397920 0.549989
5.039526 2.124606 -2.049887 0.400133 0.544134
5.049544 2.121764 -2.063185 0.404030 0.546442
5.052519 2.138194 -2.035466 0.395836 0.548370
5.032951 2.131902 -2.036145 0.395692 0.543236
5.001876 2.125837 -2.040018 0.395477 0.535819
5.012356 2.113163 -2.062196 0.402770 0.537102
5.029307 2.108895 -2.083557 0.409039 0.541037
4.922864 2.130790 -2.064365 0.442748 0.622689
4.916245 2.167816 -2.032320 0.442874 0.609445
4.861156 2.186471 -2.043182 0.453185 0.606140
4.866839 2.142023 -2.085529 0.454010 0.622654
4.926523 2.209107 -2.007884 0.443541 0.597091
4.873220 2.237977 -2.011643 0.453882 0.590526
4.800000 2.276083 -2.018833 0.468243 0.582176
4.810814 2.207489 -2.050200 0.462657 0.601809
4.807381 2.160000 -2.100270 0.465394 0.620049
5.112640 2.202112 -2.176357 0.326463 0.478612
5.086168 2.163220 -2.189595 0.326086 0.491451
5.071557 2.185144 -2.248083 0.310734 0.491141
5.105877 2.234307 -2.231882 0.311243 0.474779
4.942519 2.107239 -2.102564 0.407913 0.523066
4.890598 2.113078 -2.134957 0.410720 0.514327
4.942519 2.107239 -2.102564 0.444684 0.634605
4.890598 2.113078 -2.134957 0.456914 0.637720
4.838217 2.122802 -2.159433 0.468243 0.638661
4.838217 2.122802 -2.159433 0.411225 0.505735
4.862517 2.111402 -2.234101 0.430428 0.512553
4.926523 2.209107 -2.007884 0.371464 0.531153
4.955516 2.245438 -1.992158 0.364501 0.542283
4.909044 2.285611 -1.993958 0.355985 0.538651
4.873220 2.237977 -2.011643 0.364623 0.524395
4.955516 2.245438 -1.992158 0.018480 0.493486
4.995512 2.274379 -1.990072 0.017796 0.482630
4.957720 2.324629 -1.993772 0.032743 0.486785
4.909044 2.285611 -1.993958 0.032561 0.500587
4.873220 2.237977 -2.011643 0.031434 0.509932
5.035704 2.295236 -2.004740 0.017943 0.470201
5.009591 2.350420 -2.013802 0.032881 0.470689
5.062212 2.306458 -2.025647 0.019139 0.460757
5.057634 2.351434 -2.045832 0.030734 0.455789
5.054554 2.152204 -2.023098 0.391228 0.550418
5.062877 2.157578 -2.023477 0.391030 0.553051
5.045917 2.170142 -2.010046 0.385219 0.550761
5.036345 2.156935 -2.014438 0.387528 0.546863
5.066756 2.166334 -2.020906 0.389418 0.555123
5.058175 2.181757 -2.010350 0.384322 0.555201
5.042899 2.206923 -1.998062 0.376984 0.555278
5.021636 2.189236 -1.997936 0.378260 0.547977
5.006056 2.167912 -2.006034 0.382194 0.541701
5.074890 2.166384 -2.026578 0.391135 0.557129
5.072097 2.189105 -2.016610 0.385439 0.559604
5.081979 2.172307 -2.030177 0.391466 0.559730
5.085109 2.193049 -2.027059 0.387904 0.563476
5.086477 2.229805 -2.027058 0.382510 0.569472
5.065790 2.219766 -2.007799 0.378588 0.562613
5.056642 2.145254 -2.029854 0.393841 0.550094
5.032421 2.143467 -2.023848 0.391303 0.544359
4.999458 2.145399 -2.020617 0.388257 0.537457
5.077068 2.138487 -2.060037 0.402590 0.554785
5.070587 2.136757 -2.052735 0.400878 0.552798
5.062807 2.124874 -2.073171 0.406536 0.550215
5.076515 2.132350 -2.079609 0.407658 0.554602
5.050669 2.113549 -2.100406 0.413291 0.547095
5.073175 2.126110 -2.110271 0.414941 0.554309
5.089270 2.152618 -2.057846 0.400780 0.559490
5.082600 2.145564 -2.055836 0.400982 0.556876
5.088805 2.143933 -2.079882 0.406762 0.559042
5.098136 2.157385 -2.075728 0.404452 0.562938
5.093388 2.144865 -2.111433 0.413661 0.561599
5.108338 2.166829 -2.103957 0.409725 0.567867
5.085641 2.166512 -2.037340 0.394093 0.559938
5.095153 2.191032 -2.040646 0.391742 0.565928
5.091305 2.166627 -2.045478 0.396172 0.561538
5.101634 2.182985 -2.054169 0.396241 0.566680
5.113351 2.213437 -2.071147 0.396072 0.574684
5.102300 2.233408 -2.052025 0.388309 0.574550
5.125155 2.268114 -2.128917 0.401025 0.588315
5.120898 2.310615 -2.148819 0.398683 0.594901
5.100514 2.306597 -2.081064 0.383504 0.586841
5.120358 2.249360 -2.096821 0.396651 0.582922
5.116817 2.364799 -2.196217 0.045670 0.422326
5.092979 2.388143 -2.127638 0.043748 0.434651
5.100514 2.306597 -2.081064 0.021450 0.445107
5.120898 2.310615 -2.148819 0.028702 0.431585
5.080072 2.273901 -2.030726 0.011426 0.458588
5.086477 2.229805 -2.027058 0.002024 0.460969
5.102300 2.233408 -2.052025 0.003909 0.453970
4.961748 2.153690 -2.023805 0.385339 0.530817
4.966643 2.125234 -2.048874 0.395253 0.528585
4.969857 2.185549 -2.004724 0.377016 0.536630
4.916245 2.167816 -2.032320 0.382203 0.523655
4.966643 2.125234 -2.048874 0.434654 0.622245
4.961748 2.153690 -2.023805 0.434646 0.611994
5.034452 2.107516 -2.130924 0.419705 0.544072
5.065341 2.124757 -2.144462 0.421970 0.553973
5.005135 2.101128 -2.107800 0.413870 0.535757
5.065341 2.124757 -2.144462 0.336453 0.501629
5.034452 2.107516 -2.130924 0.336830 0.510117
5.115458 2.189479 -2.089106 0.403618 0.572233
5.123319 2.212188 -2.116145 0.406512 0.578665
5.113602 2.180641 -2.135799 0.414812 0.572582
5.123319 2.212188 -2.116145 0.336830 0.473073
5.113602 2.180641 -2.135799 0.336703 0.481690
5.125495 2.240421 -2.151324 0.326970 0.467935
5.125495 2.240421 -2.151324 0.409970 0.585107
5.042899 2.206923 -1.998062 0.000000 0.476141
5.065790 2.219766 -2.007799 0.000450 0.468812
5.054625 2.254119 -2.003967 0.007718 0.469192
5.022948 2.236522 -1.991293 0.007237 0.479218
4.992187 2.213852 -1.992677 0.371619 0.545254
5.022948 2.236522 -1.991293 0.369872 0.555294
4.992187 2.213852 -1.992677 0.007658 0.487628
4.981765 2.107093 -2.078588 0.405264 0.530355
4.922864 2.130790 -2.064365 0.394995 0.520780
5.093083 2.150496 -2.146058 0.420214 0.563978
5.093083 2.150496 -2.146058 0.336411 0.491640
5.088835 2.157888 -2.049459 0.398172 0.559834
5.102291 2.170706 -2.066127 0.400672 0.565458
4.612267 2.181334 -2.159800 0.709126 0.466861
4.596212 2.217416 -2.098494 0.728601 0.465487
4.659958 2.287948 -2.103244 0.735016 0.490108
4.659241 2.280894 -2.126481 0.729020 0.490184
4.640458 2.263814 -2.054802 0.742667 0.479551
4.682273 2.320259 -2.073319 0.745162 0.498116
4.659241 2.280894 -2.126481 0.630270 0.562163
4.659958 2.287948 -2.103244 0.633126 0.567992
4.682273 2.320259 -2.073319 0.634746 0.579443
4.653535 2.267238 -2.154959 0.721160 0.488484
4.658487 2.219725 -2.192599 0.705563 0.484419
4.653535 2.267238 -2.154959 0.627194 0.554172
4.658487 2.219725 -2.192599 0.629623 0.538047
4.679187 2.114029 -2.277193 0.670163 0.477491
4.621736 2.123915 -2.223671 0.686174 0.463725
4.672780 2.183417 -2.230244 0.691187 0.484056
4.690415 2.182165 -2.261812 0.683323 0.489401
4.690415 2.182165 -2.261812 0.627417 0.517181
4.672780 2.183417 -2.230244 0.630962 0.523837
4.706775 2.178600 -2.296661 0.674473 0.494308
4.737543 2.153669 -2.315064 0.665059 0.498116
4.706775 2.178600 -2.296661 0.623589 0.509476
4.737543 2.153669 -2.315064 0.627860 0.500881
5.128030 2.533714 -2.319413 0.497869 0.452410
5.149219 2.492475 -2.375484 0.517299 0.451026
5.077091 2.430413 -2.379141 0.523742 0.475678
5.066856 2.448593 -2.366743 0.517751 0.475789
5.131693 2.418930 -2.392749 0.531350 0.465004
5.067415 2.385249 -2.396605 0.533889 0.483646
5.066856 2.448593 -2.366743 0.250969 0.441808
5.077091 2.430413 -2.379141 0.253007 0.444054
5.067415 2.385249 -2.396605 0.255265 0.455363
5.059309 2.475719 -2.351349 0.509891 0.474132
5.065066 2.512345 -2.303139 0.494298 0.470023
5.059309 2.475719 -2.351349 0.248517 0.437201
5.065066 2.512345 -2.303139 0.252209 0.427464
5.074110 2.587724 -2.189412 0.458963 0.462979
5.121791 2.587789 -2.252527 0.474965 0.449252
5.060122 2.539140 -2.256296 0.479931 0.469622
5.034343 2.548679 -2.232762 0.472061 0.474993
5.034343 2.548679 -2.232762 0.095685 0.422127
5.060122 2.539140 -2.256296 0.093587 0.414084
5.065066 2.512345 -2.303139 0.094531 0.409019
5.008395 2.561990 -2.207361 0.463204 0.479928
5.002866 2.561257 -2.164063 0.453797 0.483646
5.008395 2.561990 -2.207361 0.098233 0.430160
5.002866 2.561257 -2.164063 0.092874 0.436988
4.705312 2.205473 -2.032901 0.363490 0.484375
4.688643 2.144464 -2.062515 0.377877 0.472683
4.760821 2.177458 -2.086946 0.382713 0.494360
4.774527 2.200168 -2.068767 0.376297 0.499994
4.718285 2.110451 -2.121914 0.397518 0.476445
4.778818 2.152162 -2.120423 0.394776 0.495806
4.807381 2.160000 -2.100270 0.391085 0.502222
4.786238 2.222760 -2.048694 0.369368 0.505095
4.770459 2.254043 -2.032248 0.360196 0.505826
4.810814 2.207489 -2.050200 0.373507 0.508055
4.800000 2.276083 -2.018833 0.355892 0.514961
4.721092 2.071977 -2.173064 0.414374 0.473396
4.802329 2.112210 -2.202133 0.419692 0.498346
4.806810 2.122369 -2.182240 0.414202 0.499979
4.749088 2.078288 -2.237126 0.428900 0.483273
4.820950 2.111215 -2.242888 0.429731 0.504025
4.805654 2.131687 -2.157810 0.407512 0.500069
5.163784 2.378712 -2.318985 0.581691 0.469431
5.191186 2.428792 -2.278828 0.595763 0.457298
5.128709 2.385826 -2.244929 0.601014 0.478765
5.120753 2.357149 -2.257395 0.594696 0.484495
5.165297 2.458934 -2.215881 0.615430 0.460578
5.117858 2.403446 -2.204273 0.613049 0.479928
5.116817 2.364799 -2.196217 0.609228 0.486599
5.114921 2.328690 -2.271722 0.587868 0.489662
5.109723 2.318811 -2.308886 0.578792 0.490826
5.117284 2.316174 -2.243487 0.591957 0.492289
5.109723 2.318811 -2.308886 0.286186 0.459088
5.114921 2.328690 -2.271722 0.291844 0.455169
5.117284 2.316174 -2.243487 0.298860 0.456525
5.156827 2.503110 -2.170473 0.632191 0.457220
5.083311 2.455023 -2.133641 0.638072 0.481963
5.088024 2.435166 -2.144302 0.632572 0.483676
5.101148 2.524924 -2.133787 0.647010 0.467088
5.051003 2.469859 -2.106357 0.648276 0.487587
5.042898 2.433293 -2.081219 0.648905 0.496124
5.098263 2.415192 -2.159237 0.625764 0.484058
5.098263 2.415192 -2.159237 0.052288 0.427379
5.088024 2.435166 -2.144302 0.055279 0.430062
5.092979 2.388143 -2.127638 0.628975 0.490750
4.749088 2.078288 -2.237126 0.281604 0.568478
4.704933 2.077357 -2.270677 0.269601 0.577247
4.759689 2.131018 -2.302963 0.264114 0.557749
4.783632 2.129580 -2.298503 0.268558 0.553761
4.679187 2.114029 -2.277193 0.259357 0.574463
4.737543 2.153669 -2.315064 0.255499 0.557333
4.812468 2.122351 -2.284745 0.276156 0.549845
4.820950 2.111215 -2.242888 0.286186 0.549487
5.105135 2.334847 -2.343059 0.277313 0.457567
5.089375 2.334795 -2.358547 0.272386 0.460736
5.071924 2.343087 -2.382027 0.264619 0.462727
5.101148 2.524924 -2.133787 0.068235 0.421673
5.094574 2.577384 -2.150424 0.080974 0.417037
5.018708 2.545278 -2.138704 0.084228 0.437906
5.014579 2.526584 -2.123575 0.079324 0.442180
5.074110 2.587724 -2.189412 0.091141 0.415833
5.018834 2.500129 -2.104637 0.071304 0.445657
5.051003 2.469859 -2.106357 0.061522 0.440551
4.640458 2.263814 -2.054802 0.074918 0.554418
4.657919 2.234936 -2.026079 0.063240 0.556382
4.738810 2.274853 -2.033798 0.060139 0.534310
4.733909 2.295898 -2.038736 0.065328 0.533178
4.705312 2.205473 -2.032901 0.052165 0.547163
4.770459 2.254043 -2.032248 0.051691 0.529021
4.718800 2.320700 -2.047407 0.073155 0.533561
4.682273 2.320259 -2.073319 0.081819 0.538435
3.299699 1.197281 -1.733013 0.361453 0.013471
3.378757 1.221415 -1.724990 0.018176 0.957293
3.422909 1.307498 -1.706928 0.025044 0.943222
3.383492 1.314003 -1.712800 0.032595 0.950778
3.299699 1.197281 -1.733013 0.026062 0.975746
3.299699 1.197281 -1.733013 0.468243 0.608115
3.383492 1.314003 -1.712800 0.473590 0.582884
3.375966 1.332333 -1.732728 0.481057 0.582176
3.317769 1.250937 -1.758934 0.479753 0.601797
3.280584 1.123080 -1.780048 0.468516 0.630845
3.301557 1.176543 -1.812567 0.481057 0.625752
3.375966 1.332333 -1.732728 0.039742 0.948520
3.528763 1.459130 -1.715448 0.038778 0.907007
3.490432 1.449028 -1.744571 0.046391 0.912604
3.549835 1.415771 -1.712688 0.027567 0.905941
3.433189 1.177809 -1.949871 0.662797 0.050453
3.489530 1.263378 -1.948541 0.673221 0.075441
3.561379 1.257446 -2.013789 0.654545 0.093544
3.608477 1.243876 -2.017931 0.276633 0.929600
3.618296 1.230904 -1.972469 0.287744 0.929282
3.561379 1.257446 -2.013789 0.268518 0.934913
3.772128 1.396781 -2.084898 0.266384 0.872031
3.821636 1.380775 -2.090279 0.274994 0.866827
3.830381 1.369813 -2.039709 0.286528 0.866150
4.309649 1.741811 -2.136686 0.284634 0.710210
4.296481 1.750856 -2.182384 0.273575 0.711910
4.531353 1.937483 -2.226371 0.272616 0.634518
4.549113 1.929231 -2.184178 0.283624 0.631954
4.253244 1.768597 -2.183934 0.264432 0.715864
4.491853 1.957155 -2.231282 0.263155 0.637522
4.498928 2.019677 -2.006614 0.372617 0.410178
4.495175 2.075816 -1.975536 0.357364 0.416676
4.506330 1.968833 -2.060772 0.392250 0.406330
6.369071 3.266642 -2.670119 0.554108 0.058257
6.425704 3.329908 -2.635228 0.566995 0.037607
6.309276 3.224698 -2.603085 0.566450 0.080335
6.268523 3.165600 -2.664288 0.547441 0.095881
5.510996 2.922944 -2.269285 0.447938 0.314141
5.549624 2.915793 -2.338620 0.465887 0.303097
5.304446 2.727121 -2.285972 0.470492 0.387146
5.273098 2.732678 -2.224033 0.454756 0.396464
5.333807 2.689822 -2.356218 0.492777 0.382623
6.295207 3.476195 -2.482278 0.450433 0.050460
6.372479 3.492403 -2.545537 0.465577 0.027945
6.233704 3.421503 -2.506065 0.460601 0.070593
6.170308 3.421124 -2.428520 0.440726 0.088533
6.428790 3.472453 -2.618864 0.487300 0.014851
6.287230 3.383007 -2.595494 0.488457 0.060017
6.034182 3.288211 -2.445517 0.457462 0.136899
5.976547 3.298038 -2.360078 0.434646 0.152495
5.276399 2.708827 -2.186750 0.084195 0.361835
5.303699 2.671297 -2.184380 0.073217 0.358887
5.273098 2.732678 -2.224033 0.094154 0.355994
5.344444 2.641360 -2.223516 0.628250 0.393277
5.372171 2.605717 -2.282038 0.608610 0.390657
5.303699 2.671297 -2.184380 0.643770 0.398783
5.338646 2.632515 -2.417497 0.514908 0.386886
5.332494 2.570900 -2.447842 0.530521 0.395886
6.386330 3.344485 -2.703725 0.252658 0.040392
6.373989 3.293098 -2.696728 0.259631 0.052757
6.245216 3.167604 -2.707315 0.257630 0.100832
6.248956 3.220947 -2.714570 0.249079 0.089571
6.369071 3.266642 -2.670119 0.267366 0.058245
6.268523 3.165600 -2.664288 0.268665 0.096018
5.375777 2.558810 -2.339719 0.589140 0.394984
5.359445 2.523150 -2.390450 0.574146 0.402050
6.397801 3.435740 -2.503366 0.101721 0.015881
6.428713 3.492494 -2.539939 0.112719 0.000000
6.491954 3.485185 -2.608540 0.590862 0.000000
6.428713 3.492494 -2.539939 0.610940 0.015069
6.428713 3.492494 -2.539939 0.467402 0.016235
6.491954 3.485185 -2.608540 0.486547 0.000000
6.372479 3.492403 -2.545537 0.121408 0.011845
4.444419 1.979125 -2.185045 0.681653 0.401639
4.491853 1.957155 -2.231282 0.665872 0.411018
4.413639 2.017960 -2.115935 0.704005 0.397101
4.467461 2.113579 -1.976245 0.061190 0.614476
4.434249 2.117418 -2.004836 0.070534 0.617943
4.495175 2.075816 -1.975536 0.050342 0.611241
4.410486 2.073643 -2.052735 0.726207 0.401361
4.434249 2.117418 -2.004836 0.741868 0.410414
4.284633 1.750488 -2.067758 0.412390 0.325314
4.529979 1.937257 -2.123542 0.411874 0.409339
4.309649 1.741811 -2.136686 0.430004 0.332448
4.549113 1.929231 -2.184178 0.427247 0.414940
4.861483 2.640969 -2.443596 0.434646 0.553316
4.835287 2.592719 -2.500261 0.436990 0.532898
4.665488 2.565582 -2.441600 0.484036 0.532866
4.807159 2.668672 -2.393529 0.450743 0.566101
4.845018 2.527581 -2.543705 0.434646 0.512504
4.780370 2.484176 -2.556422 0.450743 0.499695
4.746252 2.413211 -2.561439 0.463504 0.483647
4.674579 2.406625 -2.529114 0.483945 0.485943
4.623038 2.364856 -2.486405 0.504315 0.483647
4.579885 2.405494 -2.434334 0.517147 0.499696
4.547554 2.410840 -2.362561 0.533172 0.512506
4.551758 2.481447 -2.327602 0.530900 0.532899
4.564019 2.524227 -2.262451 0.533172 0.553318
4.606674 2.589991 -2.271441 0.517147 0.566102
4.662786 2.638597 -2.244718 0.504315 0.582176
4.712465 2.667542 -2.298749 0.483945 0.579854
4.785999 2.686952 -2.319751 0.463504 0.582175
5.074844 2.149430 -2.037578 0.396013 0.554988
6.417971 3.413750 -2.677505 0.251535 0.020147
6.484035 3.453829 -2.657142 0.258694 0.000000
6.470128 3.411307 -2.662612 0.262001 0.011180
6.484035 3.453829 -2.657142 0.501297 0.003745
6.417971 3.413750 -2.677505 0.508240 0.022819
6.470128 3.411307 -2.662612 0.569958 0.014153
6.484035 3.453829 -2.657142 0.576384 0.004681
6.444786 3.361111 -2.667968 0.264801 0.025898
6.444786 3.361111 -2.667968 0.563210 0.027278
6.425704 3.329908 -2.635228 0.272231 0.034640
6.278980 3.305015 -2.672624 0.516442 0.069338
6.386330 3.344485 -2.703725 0.522778 0.038658
6.248956 3.220947 -2.714570 0.536695 0.086207
4.033275 1.556249 -2.012921 0.413846 0.238885
4.065586 1.547470 -2.092302 0.434170 0.248040
4.054898 1.556751 -2.141453 0.274139 0.792068
4.065586 1.547470 -2.092302 0.285465 0.790751
4.008335 1.574135 -2.138818 0.265283 0.796556
5.800332 3.111819 -2.390496 0.460283 0.216791
5.751439 3.122362 -2.310223 0.438929 0.230123
5.125155 2.268114 -2.128917 0.326679 0.461770
5.122428 2.279962 -2.195959 0.313068 0.461672
5.120898 2.310615 -2.148819 0.316401 0.454440
5.116817 2.364799 -2.196217 0.299723 0.445461
4.641848 2.541847 -2.159808 0.576079 0.603600
4.606674 2.589991 -2.271441 0.544574 0.591048
4.721200 2.459673 -2.077324 0.612924 0.603600
4.641848 2.541847 -2.159808 0.139666 0.519601
4.606674 2.589991 -2.271441 0.168833 0.509525
Indices:
0 1 2
0 2 3
1 4 5
1 5 2
2 5 6
2 6 7
3 2 7
3 7 8
9 10 11
9 11 12
10 13 14
10 14 11
11 14 15
11 15 16
12 11 16
12 16 17
18 19 20
18 20 21
19 22 23
19 23 20
20 23 24
20 24 25
21 20 25
21 25 26
27 28 29
27 29 30
28 31 32
28 32 29
29 32 33
29 33 34
30 29 34
30 34 35
4 36 37
4 37 5
36 38 39
36 39 37
37 39 40
37 40 41
5 37 41
5 41 6
42 43 44
42 44 45
43 46 47
43 47 44
44 47 38
44 38 36
45 44 36
45 36 4
48 49 50
48 50 51
49 52 53
49 53 50
50 53 54
50 54 55
51 50 55
51 55 56
57 58 59
57 59 60
58 61 62
58 62 59
59 62 63
59 63 64
60 59 64
60 64 65
66 67 68
66 68 69
67 70 71
67 71 68
68 71 72
68 72 73
69 68 73
69 73 74
61 75 76
61 76 62
75 77 78
75 78 76
76 78 79
76 79 80
62 76 80
62 80 63
81 82 83
81 83 84
82 85 86
82 86 83
83 86 77
83 77 75
84 83 75
84 75 61
87 88 89
87 89 90
88 91 92
88 92 89
89 92 52
89 52 49
90 89 49
90 49 48
93 94 95
93 95 96
94 97 98
94 98 95
95 98 99
95 99 100
96 95 100
96 100 101
102 103 104
102 104 105
103 106 107
103 107 104
104 107 97
104 97 94
105 104 94
105 94 93
108 109 110
108 110 111
109 112 113
109 113 110
110 113 114
110 114 115
111 110 115
111 115 116
117 118 119
117 119 120
118 121 122
118 122 119
119 122 112
119 112 109
120 119 109
120 109 108
123 124 125
123 125 126
124 127 128
124 128 125
125 128 121
125 121 118
126 125 118
126 118 117
129 130 131
129 131 132
130 133 134
130 134 131
131 134 135
131 135 136
132 131 136
132 136 137
138 139 140
138 140 141
139 142 143
139 143 140
140 143 133
140 133 130
141 140 130
141 130 129
144 145 146
144 146 147
145 148 149
145 149 146
146 149 114
146 114 113
147 146 113
147 113 112
91 150 151
91 151 92
150 152 153
150 153 151
151 153 154
151 154 155
92 151 155
92 155 52
156 157 158
156 158 159
160 161 162
160 162 163
158 164 148
158 148 145
159 158 145
159 145 144
165 166 167
165 167 168
166 169 170
166 170 167
167 170 31
167 31 28
168 167 28
168 28 27
171 172 173
171 173 174
172 144 147
172 147 173
173 147 112
173 112 122
174 173 122
174 122 121
175 176 177
175 177 178
150 91 179
150 179 180
181 182 81
181 81 183
178 177 184
178 184 185
17 16 186
17 186 187
16 15 188
16 188 186
186 188 189
186 189 190
187 186 190
187 190 191
192 193 194
192 194 195
193 196 197
193 197 194
194 197 133
194 133 143
195 194 143
195 143 142
198 199 200
198 200 201
199 192 195
199 195 200
200 195 142
200 142 202
201 200 202
201 202 203
204 205 206
204 206 207
205 208 209
205 209 206
206 209 210
206 210 211
207 206 211
207 211 212
213 214 215
213 215 216
214 217 218
214 218 215
215 218 219
215 219 220
216 215 220
216 220 221
222 223 224
222 224 225
223 156 159
223 159 224
224 159 144
224 144 172
225 224 172
225 172 171
161 226 227
161 227 162
228 213 216
228 216 229
229 216 221
229 221 230
162 227 231
162 231 232
233 234 235
233 235 236
237 238 239
237 239 240
240 239 192
240 192 199
241 240 199
241 199 198
238 242 243
238 243 239
242 244 245
242 245 243
243 245 196
243 196 193
239 243 193
239 193 192
246 247 248
246 248 249
247 250 251
247 251 248
248 251 252
248 252 253
249 248 253
249 253 254
250 255 256
250 256 251
255 257 258
255 258 256
256 258 259
256 259 260
251 256 260
251 260 252
208 261 262
208 262 209
261 246 249
261 249 262
262 249 254
262 254 263
209 262 263
209 263 210
264 265 266
264 266 267
265 204 207
265 207 266
266 207 212
266 212 268
267 266 268
267 268 269
270 271 272
270 272 273
271 264 267
271 267 272
272 267 269
272 269 274
273 272 274
273 274 275
257 276 277
257 277 258
276 278 279
276 279 277
277 279 280
277 280 281
258 277 281
258 281 259
282 283 284
282 284 285
286 287 288
286 288 289
196 245 288
196 288 287
244 290 288
244 288 245
291 292 288
291 288 290
280 285 284
280 284 281
210 263 293
210 293 294
263 254 295
263 295 293
293 295 233
293 233 296
297 298 214
297 214 213
269 268 299
269 299 300
268 212 301
268 301 299
299 301 161
299 161 160
302 303 157
302 157 156
280 304 305
280 305 285
304 275 306
304 306 305
307 308 222
307 222 309
285 305 310
285 310 282
311 312 313
311 313 314
312 291 290
312 290 313
313 290 244
313 244 242
314 313 242
314 242 238
254 253 315
254 315 295
253 252 316
253 316 315
317 314 238
317 238 237
295 315 234
295 234 233
212 211 318
212 318 301
211 210 294
211 294 318
318 294 319
318 319 226
301 318 226
301 226 161
275 274 320
275 320 306
274 269 300
274 300 320
321 302 156
321 156 223
308 321 223
308 223 222
278 322 323
278 323 279
322 270 273
322 273 323
323 273 275
323 275 304
279 323 304
279 304 280
324 325 326
324 326 327
328 329 326
328 326 325
99 330 331
99 331 332
324 327 333
324 333 334
99 98 335
99 335 330
97 336 335
97 335 98
337 338 339
337 339 340
324 334 339
324 339 338
97 341 342
97 342 336
337 340 343
337 343 344
97 107 345
97 345 341
106 346 345
106 345 107
347 348 349
347 349 350
351 352 349
351 349 348
121 353 354
121 354 355
347 350 356
347 356 357
121 128 358
121 358 353
127 359 358
127 358 128
360 361 362
360 362 363
347 357 362
347 362 361
135 364 365
135 365 366
360 363 367
360 367 368
135 134 369
135 369 364
133 370 369
133 369 134
371 372 373
371 373 374
375 376 373
375 373 372
377 374 373
377 373 376
371 374 378
371 378 379
377 380 378
377 378 374
381 379 378
381 378 380
375 382 383
375 383 384
385 386 383
385 383 382
232 384 383
232 383 386
375 384 387
375 387 376
232 231 387
232 387 384
377 376 387
377 387 231
388 389 390
388 390 391
392 393 390
392 390 389
394 391 390
394 390 393
388 391 395
388 395 396
394 397 395
394 395 391
171 398 399
171 399 400
392 401 402
392 402 403
404 405 402
404 402 401
406 403 402
406 402 405
392 403 407
392 407 393
196 287 408
196 408 409
394 393 407
394 407 410
411 412 413
411 413 414
415 416 413
415 413 412
114 414 413
114 413 416
411 414 417
411 417 418
114 149 417
114 417 414
148 418 417
148 417 149
191 190 419
191 419 420
189 398 419
189 419 190
171 420 419
171 419 398
191 420 421
191 421 355
171 174 421
171 421 420
121 355 421
121 421 174
422 423 424
422 424 425
426 370 424
426 424 423
133 425 424
133 424 370
422 425 427
422 427 428
133 197 427
133 427 425
196 428 427
196 427 197
429 430 431
429 431 432
433 434 431
433 431 430
198 432 431
198 431 434
429 432 435
429 435 436
198 201 435
198 435 432
203 436 435
203 435 201
91 88 437
91 437 179
438 439 440
438 440 441
442 443 444
442 444 445
446 442 445
446 445 447
448 440 449
448 449 450
440 439 451
440 451 449
449 451 70
449 70 67
450 449 67
450 67 66
452 183 453
452 453 454
183 81 84
183 84 453
453 84 61
453 61 58
454 453 58
454 58 57
175 178 455
175 455 456
178 185 457
178 457 455
455 457 458
455 458 459
456 455 459
456 459 460
461 462 463
461 463 464
462 465 466
462 466 463
463 466 415
463 415 412
464 463 412
464 412 411
56 55 467
56 467 468
55 54 469
55 469 467
467 469 375
467 375 372
468 467 372
468 372 371
470 471 472
470 472 473
471 42 45
471 45 472
472 45 4
472 4 1
473 472 1
473 1 0
474 475 476
474 476 477
475 26 478
475 478 476
476 478 347
476 347 361
477 476 361
477 361 360
479 480 481
479 481 482
480 483 484
480 484 481
481 484 18
481 18 485
482 481 485
482 485 486
35 34 487
35 487 488
34 33 489
34 489 487
487 489 426
487 426 423
488 487 423
488 423 422
6 41 490
6 490 491
41 40 492
41 492 490
490 492 404
490 404 401
491 490 401
491 401 392
26 25 493
26 493 478
25 24 494
25 494 493
493 494 351
493 351 348
478 493 348
478 348 347
495 496 497
495 497 498
496 499 500
496 500 497
497 500 13
497 13 10
498 497 10
498 10 9
8 7 501
8 501 502
7 6 491
7 491 501
501 491 392
501 392 389
502 501 389
502 389 388
165 503 504
165 504 166
43 42 505
43 505 506
507 508 483
507 483 480
166 504 509
166 509 169
65 64 510
65 510 511
64 63 512
64 512 510
510 512 324
510 324 338
511 510 338
511 338 337
74 73 513
74 513 514
73 72 515
73 515 513
513 515 433
513 433 430
514 513 430
514 430 429
63 80 516
63 516 512
80 79 517
80 517 516
516 517 328
516 328 325
512 516 325
512 325 324
54 518 519
54 519 469
518 520 521
518 521 519
519 521 385
519 385 382
469 519 382
469 382 375
522 523 524
522 524 525
526 527 524
526 524 523
528 529 524
528 524 527
530 531 524
530 524 529
532 533 524
532 524 531
534 535 524
534 524 533
536 537 524
536 524 535
538 525 524
538 524 537
250 247 539
250 539 255
246 261 539
246 539 247
208 205 539
208 539 261
204 265 539
204 539 205
264 271 539
264 539 265
270 322 539
270 539 271
278 276 539
278 539 322
257 255 539
257 539 276
495 540 541
495 541 542
483 508 543
483 543 544
42 545 546
42 546 505
495 542 547
495 547 496
42 471 548
42 548 545
499 496 547
499 547 549
483 544 550
483 550 484
544 551 552
544 552 550
550 552 22
550 22 19
484 550 19
484 19 18
52 155 553
52 553 53
155 154 554
155 554 553
553 554 520
553 520 518
53 553 518
53 518 54
460 459 555
460 555 556
459 458 557
459 557 555
555 557 465
555 465 462
556 555 462
556 462 461
486 485 558
486 558 559
485 18 21
485 21 558
558 21 26
558 26 475
559 558 475
559 475 474
560 309 561
560 561 562
309 222 225
309 225 561
561 225 171
561 171 400
562 561 400
562 400 563
101 100 564
101 564 565
100 99 566
100 566 564
567 202 142
567 142 139
568 567 139
568 139 138
