Material: matn
BaseColor: text_box_1_2.png
Normal: None
Roughness: None
Metallic: None
Alpha: 1.000000
Emissive: None
Vertices:
-25.052393 5.819898 -0.348846 0.998133 0.832909
-24.912302 6.171899 -0.632004 0.987173 0.516870
-25.036701 5.814349 -0.395515 0.997627 0.516870
-24.927032 6.196076 -0.588384 0.987757 0.832909
-24.897564 6.147717 -0.675622 0.987147 0.230688
-25.021011 5.808801 -0.442182 0.997700 0.230688
-24.744015 6.458346 -0.899685 0.973918 0.230688
-24.755308 6.500994 -0.861064 0.973838 0.516870
-24.766603 6.543637 -0.822442 0.974292 0.832909
-24.889568 6.138235 -0.698468 0.988739 0.008971
-25.008495 5.819941 -0.474488 0.998977 0.008971
-24.883350 6.146240 -0.712766 0.988130 0.008971
-24.972784 5.914322 -0.546939 0.995857 0.008971
-24.736732 6.431317 -0.923768 0.975423 0.008971
-24.738457 6.437553 -0.918372 0.975653 0.008971
-25.022549 5.952130 -0.400097 0.995959 0.985105
-24.933388 6.210591 -0.568842 0.988536 0.985105
-25.054987 5.838947 -0.336351 0.998562 0.985105
-24.931335 6.227747 -0.571052 0.988441 0.985105
-24.772160 6.564435 -0.803757 0.975036 0.985105
-24.773895 6.570666 -0.798361 0.975262 0.985105
-24.537619 6.781795 -1.072542 0.955258 0.516870
-24.541981 6.842323 -1.041249 0.948455 0.832909
-24.533255 6.721265 -1.103835 0.955725 0.230688
-24.250162 6.952478 -1.272898 0.929380 0.230688
-24.249037 7.028901 -1.245380 0.926145 0.516870
-24.247921 7.105324 -1.217862 0.923797 0.832909
-24.530987 6.691746 -1.118668 0.957680 0.008971
-24.530111 6.682899 -1.122527 0.957522 0.008971
-24.250351 6.904038 -1.288747 0.930093 0.008971
-24.250505 6.915208 -1.285721 0.930193 0.008971
-24.544258 6.871843 -1.026416 0.948938 0.985105
-24.545124 6.880685 -1.022558 0.949093 0.985105
-24.247576 7.142595 -1.205039 0.924081 0.985105
-24.247730 7.153765 -1.202013 0.924181 0.985105
-23.886257 7.260132 -1.357577 0.895942 0.516870
-23.885534 7.349047 -1.324933 0.893932 0.832909
-23.886986 7.171217 -1.390221 0.898772 0.230688
-23.453478 7.374130 -1.437880 0.862785 0.230688
-23.455513 7.471715 -1.394268 0.860643 0.516870
-23.457550 7.569301 -1.350657 0.859242 0.832909
-23.887201 7.127852 -1.405710 0.899443 0.008971
-23.887072 7.114858 -1.409764 0.899327 0.008971
-23.452053 7.312283 -1.465123 0.863024 0.008971
-23.452431 7.326540 -1.458999 0.863186 0.008971
-23.885321 7.392411 -1.309443 0.894279 0.985105
-23.885441 7.405406 -1.305390 0.894392 0.985105
-23.458588 7.616891 -1.329537 0.859764 0.985105
-23.458965 7.631153 -1.323413 0.859924 0.985105
-22.957357 7.641721 -1.343828 0.820423 0.516870
-22.959873 7.743958 -1.286449 0.819489 0.832909
-22.954849 7.539481 -1.401210 0.822012 0.230688
-22.360800 7.594461 -1.279825 0.773799 0.230688
-22.360121 7.697114 -1.200472 0.772609 0.516870
-22.359444 7.799771 -1.121116 0.771971 0.832909
-22.953621 7.489619 -1.429173 0.822214 0.008971
-22.953243 7.474679 -1.437527 0.822027 0.008971
-22.361229 7.529397 -1.330121 0.773709 0.008971
-22.361135 7.544398 -1.318524 0.773893 0.008971
-22.961102 7.793819 -1.258486 0.820103 0.985105
-22.961479 7.808760 -1.250132 0.820288 0.985105
-22.359116 7.849835 -1.082417 0.772571 0.985105
-22.359013 7.864836 -1.070820 0.772751 0.985105
-21.637472 7.577417 -0.976286 0.715032 0.516870
-21.630026 7.677146 -0.861341 0.714633 0.832909
-21.644928 7.477689 -1.091231 0.715861 0.230688
-20.832064 7.224467 -0.910193 0.649919 0.230688
-20.816853 7.323371 -0.749075 0.649626 0.516870
-20.801632 7.422275 -0.587954 0.649627 0.832909
-21.648561 7.429055 -1.147288 0.715881 0.008971
-21.649651 7.414480 -1.164087 0.715720 0.008971
-20.841707 7.161777 -1.012316 0.649637 0.008971
-20.839483 7.176232 -0.988770 0.649792 0.008971
-21.626392 7.725780 -0.805284 0.715160 0.985105
-21.625303 7.740355 -0.788484 0.715317 0.985105
-20.794212 7.470509 -0.509378 0.650131 0.985105
-20.791988 7.484964 -0.485832 0.650281 0.985105
-19.952261 6.994594 -0.590801 0.580352 0.516870
-19.933710 7.100038 -0.379797 0.581263 0.832909
-19.970818 6.889145 -0.801820 0.579579 0.230688
-19.153606 6.505653 -0.735331 0.512946 0.230688
-19.150368 6.624998 -0.484393 0.516180 0.516870
-19.147144 6.744283 -0.233578 0.519382 0.832909
-19.980003 6.837733 -0.904757 0.579062 0.008971
-19.982944 6.822346 -0.935635 0.578860 0.008971
-19.158606 6.430304 -0.894916 0.511057 0.008971
-19.156290 6.447559 -0.857914 0.511410 0.008971
-19.924528 7.151428 -0.276904 0.581971 0.985105
-19.921591 7.166789 -0.246081 0.582168 0.985105
-19.144489 6.802210 -0.111337 0.520914 0.985105
-19.142221 6.819233 -0.074796 0.521254 0.985105
-18.485874 6.241128 -0.392816 0.463519 0.516870
-18.521805 6.382095 -0.124531 0.470515 0.832909
-18.449978 6.099989 -0.661446 0.456315 0.230688
-17.794067 5.686918 -0.552794 0.404643 0.230688
-17.853064 5.865851 -0.288218 0.414133 0.516870
-17.912104 6.044540 -0.024126 0.423282 0.832909
-18.435648 6.031468 -0.793047 0.453081 0.008971
-18.435686 6.011379 -0.833255 0.452484 0.008971
-17.768448 5.574688 -0.722634 0.399763 0.008971
-17.769714 5.600090 -0.682647 0.400471 0.008971
-18.536230 6.450131 0.006087 0.473558 0.985105
-18.536316 6.469563 0.044961 0.474127 0.985105
-17.936584 6.130694 0.104359 0.427117 0.985105
-17.938025 6.155181 0.142491 0.427793 0.985105
-17.130960 5.519459 -0.154149 0.358639 0.516870
-17.162876 5.755426 0.090413 0.365755 0.832909
-17.099075 5.283324 -0.399060 0.351118 0.230688
-16.329819 4.925744 -0.236305 0.292468 0.230688
-16.318039 5.215671 -0.010541 0.296735 0.516870
-16.306269 5.505532 0.215098 0.300530 0.832909
-17.086699 5.168471 -0.519090 0.347918 0.008971
-17.087322 5.134498 -0.555832 0.347407 0.008971
-16.340229 4.742280 -0.379935 0.290599 0.008971
-16.336670 4.784464 -0.346610 0.290820 0.008971
-17.175346 5.869790 0.209460 0.368517 0.985105
-17.174845 5.903105 0.244869 0.369007 0.985105
-16.299450 5.646649 0.325064 0.301631 0.985105
-16.295933 5.688601 0.357923 0.301844 0.985105
-15.440244 4.958304 0.135279 0.230407 0.516870
-15.407534 5.278325 0.353478 0.232849 0.832909
-15.472950 4.638279 -0.082938 0.227382 0.230688
-14.550780 4.375510 0.159595 0.159326 0.230688
-14.513990 4.718262 0.362799 0.162310 0.516870
-14.477196 5.061013 0.566004 0.164576 0.832909
-15.489041 4.482217 -0.189385 0.226389 0.008971
-15.494053 4.435472 -0.221316 0.226313 0.008971
-14.574102 4.158267 0.030799 0.158466 0.008971
-14.568727 4.208356 0.060494 0.158465 0.008971
-15.391447 5.434366 0.459882 0.233145 0.985105
-15.386444 5.481084 0.491755 0.233219 0.985105
-14.459249 5.228167 0.665103 0.164572 0.985105
-14.453874 5.278256 0.694799 0.164570 0.985105
-12.216938 4.567117 1.456041 0.008248 0.832909
-12.193903 4.100928 1.400156 0.003456 0.516870
-12.258778 4.118393 1.368060 0.007764 0.516870
-12.151724 4.554835 1.485106 0.003866 0.832909
-12.236087 3.647026 1.315207 0.002024 0.230688
-12.300618 3.669666 1.280077 0.006265 0.230688
-12.214670 3.639867 1.326914 0.000618 0.230688
-12.172405 4.095143 1.410794 0.002030 0.516870
-12.130144 4.550420 1.494673 0.002417 0.832909
-12.256730 3.425977 1.273773 0.002209 0.008971
-12.321026 3.450833 1.237170 0.006405 0.008971
-12.263258 3.361231 1.261332 0.002665 0.008971
-12.327141 3.385253 1.224313 0.006823 0.008971
-12.244877 3.366285 1.273490 0.001463 0.008971
-12.235713 3.419737 1.285973 0.000837 0.008971
-12.190416 4.851529 1.511806 0.006439 0.985105
-12.131283 4.775935 1.526443 0.002432 0.985105
-12.196531 4.785954 1.498949 0.006857 0.985105
-12.125743 4.840948 1.538395 0.002043 0.985105
-12.110291 4.770868 1.535026 0.001011 0.985105
-12.109300 4.826523 1.543464 0.000928 0.985105
-12.775576 4.948127 1.276635 0.046486 0.985105
-12.367903 4.812772 1.427415 0.018505 0.985105
-12.781395 4.887919 1.259063 0.046772 0.985105
-12.361903 4.876483 1.441518 0.018128 0.985105
-12.387918 4.600162 1.380355 0.019763 0.832909
-12.800814 4.686998 1.200419 0.047723 0.832909
-12.880453 3.863020 0.959919 0.044549 0.230688
-12.490017 3.515626 1.140297 0.017451 0.008971
-12.899872 3.662103 0.901277 0.044349 0.008971
-12.470005 3.728241 1.187357 0.017414 0.230688
-12.496017 3.451915 1.126197 0.017829 0.008971
-12.905691 3.601892 0.883702 0.044636 0.008971
-12.428960 4.164197 1.283856 0.019085 0.516870
-12.840631 4.275009 1.080170 0.046606 0.516870
-13.586861 4.474977 0.724772 0.097219 0.516870
-13.548555 4.851533 0.888381 0.099016 0.832909
-13.625162 4.098424 0.561165 0.094580 0.230688
-13.643843 3.914784 0.481375 0.094004 0.008971
-13.649439 3.859752 0.457464 0.094140 0.008971
-13.529875 5.035173 0.968170 0.098566 0.985105
-13.524279 5.090201 0.992079 0.098431 0.985105
-24.995939 5.814461 -0.327767 0.993710 0.832909
-24.856724 6.164513 -0.609241 0.982778 0.516870
-24.871429 6.189089 -0.565585 0.983391 0.832909
-24.980223 5.808590 -0.374586 0.993167 0.516870
-24.841995 6.140103 -0.652928 0.982710 0.230688
-24.964565 5.802776 -0.421244 0.993200 0.230688
-24.692001 6.446619 -0.871091 0.969797 0.230688
-24.703140 6.489382 -0.832691 0.969739 0.516870
-24.714384 6.532347 -0.794046 0.970218 0.832909
-24.832951 6.127778 -0.679841 0.984150 0.008971
-24.952007 5.813503 -0.453794 0.994456 0.008971
-24.827686 6.133645 -0.692672 0.983620 0.008971
-24.915043 5.901551 -0.534103 0.991119 0.008971
-24.684366 6.418645 -0.896226 0.971248 0.008971
-24.686428 6.425400 -0.889986 0.971517 0.008971
-24.969479 5.952787 -0.371047 0.991911 0.985105
-24.878952 6.207134 -0.542655 0.984316 0.985105
-24.878523 6.223822 -0.541792 0.984379 0.985105
-24.998636 5.833871 -0.314907 0.994153 0.985105
-24.720558 6.554781 -0.773677 0.971036 0.985105
-24.723042 6.561953 -0.766748 0.971343 0.985105
-24.492682 6.766021 -1.035222 0.951817 0.516870
-24.496864 6.826928 -1.003989 0.945021 0.832909
-24.488680 6.705586 -1.066036 0.952290 0.230688
-24.216459 6.934687 -1.225896 0.926943 0.230688
-24.215015 7.010852 -1.198711 0.923696 0.516870
-24.213865 7.087648 -1.171077 0.921363 0.832909
-24.487133 6.677415 -1.079514 0.954319 0.008971
-24.485674 6.669775 -1.083611 0.954115 0.008971
-24.216682 6.889798 -1.240529 0.927683 0.008971
-24.217670 6.899202 -1.237485 0.927844 0.008971
-24.499475 6.857861 -0.988203 0.945549 0.985105
-24.502087 6.867789 -0.982030 0.945875 0.985105
-24.214277 7.126779 -1.157055 0.921731 0.985105
-24.217352 7.139155 -1.151765 0.922100 0.985105
-23.864595 7.239648 -1.304926 0.894586 0.516870
-23.864355 7.328773 -1.272003 0.892628 0.832909
-23.865076 7.150999 -1.337567 0.897386 0.230688
-23.442940 7.349545 -1.383607 0.862376 0.230688
-23.445816 7.446971 -1.339908 0.860307 0.516870
-23.448797 7.544600 -1.296118 0.858988 0.832909
-23.865583 7.108935 -1.352456 0.898092 0.008971
-23.864698 7.097775 -1.356203 0.897925 0.008971
-23.440208 7.289381 -1.410385 0.862517 0.008971
-23.441547 7.302500 -1.404551 0.862751 0.008971
-23.865154 7.373529 -1.255609 0.893074 0.985105
-23.867722 7.386730 -1.250630 0.893401 0.985105
-23.450712 7.592748 -1.274618 0.859589 0.985105
-23.452860 7.606602 -1.268447 0.859894 0.985105
-22.959908 7.611270 -1.291605 0.821091 0.516870
-22.963722 7.713558 -1.234275 0.820258 0.832909
-22.956104 7.509034 -1.348935 0.822577 0.230688
-22.373503 7.557672 -1.233497 0.775266 0.230688
-22.374413 7.660578 -1.154408 0.774191 0.516870
-22.375256 7.763501 -1.075338 0.773665 0.832909
-22.954102 7.459275 -1.376826 0.822718 0.008971
-22.952753 7.444884 -1.384868 0.822455 0.008971
-22.372292 7.492642 -1.283349 0.775048 0.008971
-22.372833 7.507471 -1.272042 0.775280 0.008971
-22.965782 7.763570 -1.206293 0.820941 0.985105
-22.967621 7.778042 -1.198365 0.821239 0.985105
-22.375822 7.813745 -1.036813 0.774337 0.985105
-22.376612 7.828484 -1.025764 0.774583 0.985105
-21.658876 7.535410 -0.938356 0.717120 0.516870
-21.652830 7.635597 -0.823726 0.716819 0.832909
-21.664845 7.435235 -1.052998 0.717849 0.230688
-20.854307 7.177774 -0.878795 0.652036 0.230688
-20.840204 7.277099 -0.717855 0.651811 0.516870
-20.826050 7.376432 -0.556919 0.651881 0.832909
-21.667542 7.386331 -1.108879 0.717798 0.008971
-21.668272 7.371756 -1.125500 0.717609 0.008971
-20.863033 7.114776 -0.980741 0.651686 0.008971
-20.861032 7.129287 -0.957255 0.651857 0.008971
-21.650013 7.684519 -0.767863 0.717410 0.985105
-21.649324 7.698905 -0.751529 0.717595 0.985105
-20.819258 7.424932 -0.478445 0.652434 0.985105
-20.817186 7.439276 -0.455194 0.652593 0.985105
-19.976902 6.946218 -0.564086 0.582610 0.516870
-19.959099 7.051996 -0.353176 0.583563 0.832909
-19.994694 6.840460 -0.774976 0.581799 0.230688
-19.181185 6.457264 -0.711679 0.515454 0.230688
-19.178518 6.576837 -0.460959 0.518705 0.516870
-19.175869 6.696444 -0.210185 0.521930 0.832909
-20.003407 6.788906 -0.877751 0.581253 0.008971
-20.006237 6.773502 -0.908564 0.581043 0.008971
-19.185793 6.382164 -0.870326 0.513557 0.008971
-19.183508 6.399234 -0.833721 0.513904 0.008971
-19.950356 7.103649 -0.250238 0.584305 0.985105
-19.947615 7.119092 -0.219456 0.584517 0.985105
-19.173515 6.754774 -0.087484 0.523490 0.985105
-19.171373 6.772068 -0.050576 0.523844 0.985105
-18.516712 6.194027 -0.370633 0.466259 0.516870
-18.552317 6.334956 -0.101981 0.473208 0.832909
-18.481133 6.053116 -0.639233 0.459113 0.230688
-17.825626 5.642389 -0.526676 0.407546 0.230688
-17.882236 5.820215 -0.261249 0.416824 0.516870
-17.938822 5.998136 0.004045 0.425770 0.832909
-18.466946 5.985209 -0.769774 0.455917 0.008971
-18.467056 5.965674 -0.808994 0.455343 0.008971
-17.801571 5.532578 -0.694513 0.402834 0.008971
-17.802546 5.557009 -0.655683 0.403500 0.008971
-18.566475 6.403387 0.029785 0.476243 0.985105
-18.566441 6.423184 0.069508 0.476814 0.985105
-17.961828 6.084315 0.133904 0.429504 0.985105
-17.962889 6.109119 0.172841 0.430161 0.985105
-17.155495 5.478044 -0.117493 0.361127 0.516870
-17.183683 5.713165 0.128393 0.367946 0.832909
-17.127224 5.243137 -0.363650 0.353901 0.230688
-16.352146 4.890664 -0.192350 0.294941 0.230688
-16.337790 5.179924 0.034103 0.298993 0.516870
-16.323439 5.469283 0.260402 0.302580 0.832909
-17.116764 5.129770 -0.483605 0.350865 0.008971
-17.117636 5.096725 -0.519562 0.350386 0.008971
-16.364094 4.708312 -0.335911 0.293201 0.008971
-16.360443 4.750066 -0.302874 0.293411 0.008971
-17.193878 5.827374 0.248429 0.370542 0.985105
-17.192719 5.860797 0.284263 0.370987 0.985105
-16.315073 5.610263 0.370814 0.303568 0.985105
-16.311096 5.652241 0.403847 0.303748 0.985105
-15.458916 4.927067 0.183616 0.232669 0.516870
-15.424801 5.246766 0.402127 0.234993 0.832909
-15.493017 4.607394 -0.034931 0.229768 0.230688
-14.575090 4.349912 0.208736 0.162085 0.230688
-14.536631 4.692190 0.412485 0.164928 0.516870
-14.498101 5.034482 0.616203 0.167054 0.832909
-15.509933 4.451594 -0.141565 0.228843 0.008971
-15.515203 4.405004 -0.173511 0.228786 0.008971
-14.599646 4.133029 0.079499 0.161320 0.008971
-14.594011 4.183049 0.109295 0.161300 0.008971
-15.407856 5.402656 0.508730 0.235226 0.985105
-15.402604 5.449366 0.540683 0.235282 0.985105
-14.479060 5.201366 0.715605 0.166971 0.985105
-14.473400 5.251464 0.745413 0.166950 0.985105
-12.242941 4.558747 1.510032 0.011187 0.832909
-12.222105 4.093550 1.453179 0.006553 0.516870
-12.177705 4.547049 1.539195 0.006804 0.832909
-12.287066 4.110453 1.420954 0.010866 0.516870
-12.266379 3.640052 1.367120 0.005277 0.230688
-12.331057 3.662159 1.331831 0.009528 0.230688
-12.244989 3.633043 1.378831 0.003872 0.230688
-12.200645 4.087920 1.463821 0.005129 0.516870
-12.156134 4.542785 1.548780 0.005356 0.832909
-12.288225 3.419239 1.324998 0.005544 0.008971
-12.352701 3.443580 1.288213 0.009752 0.008971
-12.295088 3.354540 1.312354 0.006020 0.008971
-12.359156 3.378112 1.275156 0.010192 0.008971
-12.276660 3.359732 1.324560 0.004816 0.008971
-12.267165 3.413128 1.337242 0.004169 0.008971
-12.214508 4.842815 1.566621 0.009255 0.985105
-12.155851 4.767892 1.581149 0.005281 0.985105
-12.149899 4.832801 1.593268 0.004864 0.985105
-12.221073 4.777314 1.553577 0.009702 0.985105
-12.134903 4.762983 1.589736 0.003862 0.985105
-12.133472 4.818552 1.598359 0.003751 0.985105
-12.799401 4.933964 1.330420 0.049268 0.985105
-12.392389 4.802479 1.481780 0.021343 0.985105
-12.385904 4.866113 1.496086 0.020933 0.985105
-12.805736 4.873830 1.312637 0.049587 0.985105
-12.413981 4.590173 1.434039 0.022704 0.832909
-12.826820 4.673282 1.253300 0.050649 0.832909
-12.911459 3.850540 1.010358 0.047845 0.230688
-12.522140 3.506948 1.190836 0.020827 0.008971
-12.500809 3.719257 1.238656 0.020701 0.230688
-12.932257 3.649993 0.950933 0.047740 0.008971
-12.528500 3.443408 1.176533 0.021228 0.008971
-12.938478 3.590001 0.933148 0.048052 0.008971
-12.457475 4.154715 1.336374 0.022201 0.516870
-12.869228 4.261911 1.131859 0.049719 0.516870
-13.613894 4.455755 0.775377 0.100199 0.516870
-13.573179 4.831659 0.939954 0.101814 0.832909
-13.654459 4.079864 0.610743 0.097738 0.230688
-13.674444 3.896623 0.530312 0.097257 0.008971
-13.680427 3.841733 0.506209 0.097418 0.008971
-13.552957 5.014908 1.020302 0.101258 0.985105
-13.546915 5.069932 1.044404 0.101093 0.985105
Indices:
0 1 2
0 3 1
2 4 5
2 1 4
1 6 4
1 7 6
3 7 1
3 8 7
5 9 10
5 4 9
10 11 12
10 9 11
9 13 11
9 14 13
4 14 9
4 6 14
15 16 17
15 18 16
17 3 0
17 16 3
16 8 3
16 19 8
18 19 16
18 20 19
8 21 7
8 22 21
7 23 6
7 21 23
21 24 23
21 25 24
22 25 21
22 26 25
6 27 14
6 23 27
14 28 13
14 27 28
27 29 28
27 30 29
23 30 27
23 24 30
20 31 19
20 32 31
19 22 8
19 31 22
31 26 22
31 33 26
32 33 31
32 34 33
26 35 25
26 36 35
25 37 24
25 35 37
35 38 37
35 39 38
36 39 35
36 40 39
24 41 30
24 37 41
30 42 29
30 41 42
41 43 42
41 44 43
37 44 41
37 38 44
34 45 33
34 46 45
33 36 26
33 45 36
45 40 36
45 47 40
46 47 45
46 48 47
40 49 39
40 50 49
39 51 38
39 49 51
49 52 51
49 53 52
50 53 49
50 54 53
38 55 44
38 51 55
44 56 43
44 55 56
55 57 56
55 58 57
51 58 55
51 52 58
48 59 47
48 60 59
47 50 40
47 59 50
59 54 50
59 61 54
60 61 59
60 62 61
54 63 53
54 64 63
53 65 52
53 63 65
63 66 65
63 67 66
64 67 63
64 68 67
52 69 58
52 65 69
58 70 57
58 69 70
69 71 70
69 72 71
65 72 69
65 66 72
62 73 61
62 74 73
61 64 54
61 73 64
73 68 64
73 75 68
74 75 73
74 76 75
68 77 67
68 78 77
67 79 66
67 77 79
77 80 79
77 81 80
78 81 77
78 82 81
66 83 72
66 79 83
72 84 71
72 83 84
83 85 84
83 86 85
79 86 83
79 80 86
76 87 75
76 88 87
75 78 68
75 87 78
87 82 78
87 89 82
88 89 87
88 90 89
82 91 81
82 92 91
81 93 80
81 91 93
91 94 93
91 95 94
92 95 91
92 96 95
80 97 86
80 93 97
86 98 85
86 97 98
97 99 98
97 100 99
93 100 97
93 94 100
90 101 89
90 102 101
89 92 82
89 101 92
101 96 92
101 103 96
102 103 101
102 104 103
96 105 95
96 106 105
95 107 94
95 105 107
105 108 107
105 109 108
106 109 105
106 110 109
94 111 100
94 107 111
100 112 99
100 111 112
111 113 112
111 114 113
107 114 111
107 108 114
104 115 103
104 116 115
103 106 96
103 115 106
115 110 106
115 117 110
116 117 115
116 118 117
110 119 109
110 120 119
109 121 108
109 119 121
119 122 121
119 123 122
120 123 119
120 124 123
108 125 114
108 121 125
114 126 113
114 125 126
125 127 126
125 128 127
121 128 125
121 122 128
118 129 117
118 130 129
117 120 110
117 129 120
129 124 120
129 131 124
130 131 129
130 132 131
133 134 135
133 136 134
135 137 138
135 134 137
134 139 137
134 140 139
136 140 134
136 141 140
138 142 143
138 137 142
143 144 145
143 142 144
142 146 144
142 147 146
137 147 142
137 139 147
148 149 150
148 151 149
150 136 133
150 149 136
149 141 136
149 152 141
151 152 149
151 153 152
154 155 156
154 157 155
156 158 159
156 155 158
155 133 158
155 150 133
157 150 155
157 148 150
160 161 162
160 163 161
162 164 165
162 161 164
161 145 164
161 143 145
163 143 161
163 138 143
159 166 167
159 158 166
167 163 160
167 166 163
166 138 163
166 135 138
158 135 166
158 133 135
124 168 123
124 169 168
123 170 122
123 168 170
168 160 170
168 167 160
169 167 168
169 159 167
122 171 128
122 170 171
128 172 127
128 171 172
171 165 172
171 162 165
170 162 171
170 160 162
132 173 131
132 174 173
131 169 124
131 173 169
173 159 169
173 156 159
174 156 173
174 154 156
175 176 177
175 178 176
178 179 176
178 180 179
176 181 182
176 179 181
177 182 183
177 176 182
180 184 179
180 185 184
185 186 184
185 187 186
184 188 189
184 186 188
179 189 181
179 184 189
190 191 192
190 193 191
193 177 191
193 175 177
191 183 194
191 177 183
192 194 195
192 191 194
183 196 197
183 182 196
182 198 196
182 181 198
196 199 200
196 198 199
197 200 201
197 196 200
181 202 198
181 189 202
189 203 202
189 188 203
202 204 205
202 203 204
198 205 199
198 202 205
195 206 207
195 194 206
194 197 206
194 183 197
206 201 208
206 197 201
207 208 209
207 206 208
201 210 211
201 200 210
200 212 210
200 199 212
210 213 214
210 212 213
211 214 215
211 210 214
199 216 212
199 205 216
205 217 216
205 204 217
216 218 219
216 217 218
212 219 213
212 216 219
209 220 221
209 208 220
208 211 220
208 201 211
220 215 222
220 211 215
221 222 223
221 220 222
215 224 225
215 214 224
214 226 224
214 213 226
224 227 228
224 226 227
225 228 229
225 224 228
213 230 226
213 219 230
219 231 230
219 218 231
230 232 233
230 231 232
226 233 227
226 230 233
223 234 235
223 222 234
222 225 234
222 215 225
234 229 236
234 225 229
235 236 237
235 234 236
229 238 239
229 228 238
228 240 238
228 227 240
238 241 242
238 240 241
239 242 243
239 238 242
227 244 240
227 233 244
233 245 244
233 232 245
244 246 247
244 245 246
240 247 241
240 244 247
237 248 249
237 236 248
236 239 248
236 229 239
248 243 250
248 239 243
249 250 251
249 248 250
243 252 253
243 242 252
242 254 252
242 241 254
252 255 256
252 254 255
253 256 257
253 252 256
241 258 254
241 247 258
247 259 258
247 246 259
258 260 261
258 259 260
254 261 255
254 258 261
251 262 263
251 250 262
250 253 262
250 243 253
262 257 264
262 253 257
263 264 265
263 262 264
257 266 267
257 256 266
256 268 266
256 255 268
266 269 270
266 268 269
267 270 271
267 266 270
255 272 268
255 261 272
261 273 272
261 260 273
272 274 275
272 273 274
268 275 269
268 272 275
265 276 277
265 264 276
264 267 276
264 257 267
276 271 278
276 267 271
277 278 279
277 276 278
271 280 281
271 270 280
270 282 280
270 269 282
280 283 284
280 282 283
281 284 285
281 280 284
269 286 282
269 275 286
275 287 286
275 274 287
286 288 289
286 287 288
282 289 283
282 286 289
279 290 291
279 278 290
278 281 290
278 271 281
290 285 292
290 281 285
291 292 293
291 290 292
285 294 295
285 284 294
284 296 294
284 283 296
294 297 298
294 296 297
295 298 299
295 294 298
283 300 296
283 289 300
289 301 300
289 288 301
300 302 303
300 301 302
296 303 297
296 300 303
293 304 305
293 292 304
292 295 304
292 285 295
304 299 306
304 295 299
305 306 307
305 304 306
308 309 310
308 311 309
311 312 309
311 313 312
309 314 315
309 312 314
310 315 316
310 309 315
313 317 312
313 318 317
318 319 317
318 320 319
317 321 322
317 319 321
312 322 314
312 317 322
323 324 325
323 326 324
326 310 324
326 308 310
324 316 327
324 310 316
325 327 328
325 324 327
329 330 331
329 332 330
332 333 330
332 334 333
330 308 326
330 333 308
331 326 323
331 330 326
335 336 337
335 338 336
338 339 336
338 340 339
336 320 318
336 339 320
337 318 313
337 336 318
334 341 333
334 342 341
342 337 341
342 335 337
341 313 311
341 337 313
333 311 308
333 341 311
299 343 344
299 298 343
298 345 343
298 297 345
343 335 342
343 345 335
344 342 334
344 343 342
297 346 345
297 303 346
303 347 346
303 302 347
346 340 338
346 347 340
345 338 335
345 346 338
307 348 349
307 306 348
306 344 348
306 299 344
348 334 332
348 344 334
349 332 329
349 348 332
0 193 17
0 175 193
17 190 15
17 193 190
12 185 10
12 187 185
10 180 5
10 185 180
5 178 2
5 180 178
2 175 0
2 178 175
11 187 12
11 186 187
13 186 11
13 188 186
18 195 20
18 192 195
15 192 18
15 190 192
28 188 13
28 203 188
29 203 28
29 204 203
32 209 34
32 207 209
20 207 32
20 195 207
42 204 29
42 217 204
43 217 42
43 218 217
46 223 48
46 221 223
34 221 46
34 209 221
56 218 43
56 231 218
57 231 56
57 232 231
60 237 62
60 235 237
48 235 60
48 223 235
70 232 57
70 245 232
71 245 70
71 246 245
74 251 76
74 249 251
62 249 74
62 237 249
84 246 71
84 259 246
85 259 84
85 260 259
88 265 90
88 263 265
76 263 88
76 251 263
98 260 85
98 273 260
99 273 98
99 274 273
102 279 104
102 277 279
90 277 102
90 265 277
112 274 99
112 287 274
113 287 112
113 288 287
116 293 118
116 291 293
104 291 116
104 279 291
126 288 113
126 301 288
127 301 126
127 302 301
130 307 132
130 305 307
118 305 130
118 293 305
152 316 141
152 327 316
153 327 152
153 328 327
147 321 146
147 322 321
139 322 147
139 314 322
140 314 139
140 315 314
141 315 140
141 316 315
144 320 145
144 319 320
146 319 144
146 321 319
174 329 154
174 349 329
132 349 174
132 307 349
164 340 165
164 339 340
145 339 164
145 320 339
151 328 153
151 325 328
148 325 151
148 323 325
157 323 148
157 331 323
154 331 157
154 329 331
172 302 127
172 347 302
165 347 172
165 340 347
