Material: moo
BaseColor: ;.png
Normal: None
Roughness: 0.5
Metallic: None
Alpha: 1.000000
Emissive: None
Vertices:
13.797199 1.644848 -1.569140 0.510709 0.477915
13.938088 1.277973 -1.319807 0.519698 0.467993
13.814663 1.252990 -1.490043 0.510528 0.464020
13.692015 0.863387 -1.427004 0.510382 0.452840
13.981642 1.028380 -1.202642 0.523352 0.463960
14.104991 0.826883 -0.928074 0.510709 0.477915
13.903344 0.526216 -0.905085 0.515698 0.466260
13.779235 0.542080 -1.002919 0.510528 0.464020
13.871704 0.540864 -0.792886 0.519698 0.467993
13.607956 0.362923 -0.885670 0.519375 0.456678
13.697227 0.380152 -0.711023 0.527001 0.459932
13.540149 0.415098 -1.052308 0.510382 0.452840
14.067057 0.891077 -1.246514 0.510709 0.477915
13.934753 0.684620 -1.083067 0.519698 0.467993
13.779818 0.687761 -1.253731 0.510528 0.464020
13.934753 0.684620 -1.083067 0.519698 0.467993
13.530441 0.563211 -1.241385 0.510382 0.452840
13.779818 0.687761 -1.253731 0.510528 0.464020
13.808836 0.552419 -0.934511 0.527001 0.459932
14.247032 1.232492 -0.648257 0.510709 0.477915
14.078355 0.746789 -0.643840 0.515776 0.466294
14.245749 1.229248 -0.649052 0.510708 0.477822
14.087755 0.748553 -0.547536 0.519698 0.467993
13.706682 0.381885 -0.651441 0.517016 0.455671
13.564059 0.336297 -0.468248 0.527001 0.459932
14.066016 0.744961 -0.772128 0.510528 0.464020
13.728094 0.414749 -0.771946 0.510382 0.452840
13.986647 1.551840 -1.277485 0.510709 0.477915
14.032751 1.220315 -1.248895 0.513136 0.465150
13.986827 1.547573 -1.277740 0.510707 0.477730
14.086668 1.260875 -1.115109 0.519698 0.467993
13.978862 0.926048 -1.187278 0.515892 0.457564
14.138649 1.004581 -1.025748 0.523352 0.463960
13.982517 1.226068 -1.312617 0.510528 0.464020
13.849580 0.957699 -1.269128 0.510382 0.452840
14.218910 1.115911 -0.978651 0.510709 0.477915
14.139752 0.847525 -0.848284 0.519698 0.467993
14.097013 0.830126 -1.064781 0.510528 0.464020
13.825746 0.650250 -1.127441 0.510382 0.452840
13.984095 0.630568 -0.739734 0.527001 0.459932
14.204357 1.588979 -0.877040 0.510709 0.477915
14.174896 1.184287 -0.912688 0.514931 0.465928
14.102662 1.204257 -1.006985 0.510528 0.464020
14.163976 1.201792 -0.760331 0.519698 0.467993
14.106581 0.945769 -0.907578 0.517970 0.456078
14.118080 0.974014 -0.699280 0.527001 0.459932
14.038129 0.951428 -1.067730 0.510382 0.452840
13.977310 0.807518 -1.306381 0.510709 0.477915
13.841799 0.560679 -1.129867 0.519698 0.467993
13.679629 0.552037 -1.295223 0.510528 0.464020
13.841799 0.560679 -1.129867 0.519698 0.467993
13.376367 0.381422 -1.189087 0.510382 0.452840
13.679629 0.552037 -1.295223 0.510528 0.464020
13.671875 0.417183 -0.923260 0.527001 0.459932
13.983885 1.821739 -1.114920 0.510709 0.477915
14.101465 1.468748 -1.054102 0.515113 0.466007
13.998679 1.476814 -1.176260 0.510528 0.464020
14.109997 1.466164 -0.943452 0.519698 0.467993
14.010129 1.290040 -1.225241 0.510382 0.452840
14.102060 1.279967 -1.022563 0.518692 0.456386
14.130915 1.269719 -0.822296 0.527001 0.459932
13.880413 2.181776 -0.941715 0.510709 0.477915
14.031007 1.934133 -0.776269 0.519698 0.467993
13.907453 1.941482 -1.040458 0.510528 0.464020
13.853379 1.732754 -1.105257 0.510382 0.452840
14.059126 1.703980 -0.631670 0.527001 0.459932
13.551543 2.081626 -1.339856 0.510709 0.477915
13.751195 1.909015 -1.186060 0.519698 0.467993
13.648157 1.863485 -1.440676 0.510528 0.464020
13.670852 1.619178 -1.446039 0.510382 0.452840
13.904649 1.753209 -1.070421 0.527001 0.459932
13.643724 1.978799 -1.558561 0.510709 0.477915
13.772167 1.658416 -1.468066 0.519698 0.467993
13.594974 1.592913 -1.575569 0.510528 0.464020
13.409724 1.347353 -1.502149 0.510382 0.452840
13.768310 1.511227 -1.415389 0.523352 0.463960
13.792551 1.937148 -1.369755 0.510709 0.477915
13.894568 1.594888 -1.330107 0.513970 0.465512
13.810670 1.585155 -1.412939 0.510528 0.464020
13.984472 1.606641 -1.173933 0.519698 0.467993
13.896128 1.399339 -1.270460 0.515558 0.455049
14.051390 1.455661 -1.095303 0.527001 0.459932
13.792917 1.387585 -1.401590 0.510382 0.452840
14.212776 1.874829 -0.586612 0.510709 0.477915
14.164437 1.436004 -0.477007 0.519698 0.467993
14.197071 1.507735 -0.683315 0.510528 0.464020
14.145989 1.232057 -0.798502 0.510382 0.452840
14.103663 1.110030 -0.464746 0.527001 0.459932
14.025916 2.167180 -0.559510 0.510709 0.477915
14.036726 1.879266 -0.479989 0.519698 0.467993
14.042721 1.956665 -0.638710 0.510528 0.464020
13.984113 1.655535 -0.765218 0.510382 0.452840
13.978019 1.560109 -0.437010 0.527001 0.459932
14.139133 1.493713 -0.372855 0.510709 0.477915
14.047128 1.110291 -0.219477 0.519698 0.467993
14.161560 1.107553 -0.459068 0.510528 0.464020
14.072401 0.812010 -0.524894 0.510382 0.452840
13.925729 0.844192 -0.227873 0.527001 0.459932
14.092064 1.941835 -0.326276 0.510709 0.477915
14.004307 1.577955 -0.165439 0.519698 0.467993
14.111897 1.593478 -0.396425 0.510528 0.464020
14.104418 1.325596 -0.540812 0.510382 0.452840
13.932488 1.311156 -0.118875 0.527001 0.459932
13.078315 2.272575 -0.974400 0.510709 0.477915
13.002599 2.080527 -0.978809 0.516249 0.466499
13.086835 2.047844 -1.121300 0.510528 0.464020
13.079652 2.090334 -0.904570 0.519698 0.467993
12.965807 1.908343 -1.002572 0.518602 0.456348
13.061810 1.976970 -0.862851 0.527001 0.459932
13.087564 1.876030 -1.156864 0.510382 0.452840
13.198379 2.119370 -1.345010 0.510709 0.477915
13.121414 1.936645 -1.269664 0.519698 0.467993
13.171209 1.848757 -1.480012 0.510528 0.464020
13.102283 1.641731 -1.432758 0.510382 0.452840
13.052477 1.836644 -1.201921 0.527001 0.459932
13.184630 2.203283 -1.112828 0.510709 0.477915
13.121237 1.995667 -1.103790 0.517154 0.466891
13.217424 1.934419 -1.286630 0.510528 0.464020
13.167879 2.026963 -1.049873 0.519698 0.467993
13.062204 1.823339 -1.094899 0.519081 0.456552
13.135158 1.926983 -0.995177 0.527001 0.459932
13.148367 1.722178 -1.239083 0.510382 0.452840
13.164868 2.262460 -0.820409 0.510709 0.477915
13.107761 2.058815 -0.790744 0.517154 0.466891
13.148062 1.998137 -0.999839 0.510528 0.464020
13.172250 2.089597 -0.747958 0.519698 0.467993
13.051296 1.887417 -0.767551 0.519081 0.456552
13.157171 1.990716 -0.682275 0.527001 0.459932
13.091965 1.785856 -0.937158 0.510382 0.452840
13.479092 2.288778 -0.880564 0.510709 0.477915
13.449220 2.095411 -0.821527 0.517154 0.466891
13.372229 2.022120 -1.044046 0.510528 0.464020
13.534044 2.124380 -0.823443 0.519698 0.467993
13.408709 1.928282 -0.765158 0.519081 0.456552
13.558990 2.031537 -0.753472 0.527001 0.459932
13.351241 1.815080 -0.956756 0.510382 0.452840
13.450735 2.283392 -0.595296 0.510709 0.477915
13.390275 2.086678 -0.560076 0.517154 0.466891
13.426285 2.036304 -0.800133 0.510528 0.464020
13.465816 2.111701 -0.505500 0.519698 0.467993
13.325679 1.917750 -0.542199 0.519081 0.456552
13.449753 2.012255 -0.434827 0.527001 0.459932
13.363632 1.822420 -0.738277 0.510382 0.452840
13.317670 2.277987 -0.806545 0.510709 0.477915
13.285213 2.080617 -0.745781 0.517154 0.466891
13.221903 2.009841 -0.957744 0.510528 0.464020
13.367966 2.110339 -0.746225 0.519698 0.467993
13.244380 1.911781 -0.691449 0.519081 0.456552
13.389071 2.015113 -0.676217 0.527001 0.459932
13.199212 1.801545 -0.872913 0.510382 0.452840
13.389560 2.200891 -0.316289 0.510709 0.477915
13.367508 2.000734 -0.240106 0.517154 0.466891
13.265662 1.942390 -0.430022 0.510528 0.464020
13.451350 2.027932 -0.251184 0.519698 0.467993
13.333755 1.832182 -0.186867 0.519081 0.456552
13.480062 1.928946 -0.191195 0.527001 0.459932
13.256464 1.731095 -0.349253 0.510382 0.452840
13.225238 2.264879 -0.435432 0.510709 0.477915
13.165966 2.063568 -0.398292 0.517154 0.466891
13.207417 2.013402 -0.608348 0.510528 0.464020
13.234493 2.089600 -0.347806 0.519698 0.467993
13.106822 1.894187 -0.382035 0.519081 0.456552
13.218007 1.990188 -0.285967 0.527001 0.459932
13.147953 1.799493 -0.552670 0.510382 0.452840
13.315941 2.145581 -0.084299 0.510709 0.477915
13.313847 1.889710 0.046899 0.517154 0.466891
13.171365 1.830561 -0.086949 0.510528 0.464020
13.382659 1.915747 0.018610 0.519698 0.467993
13.302807 1.699181 0.056243 0.519081 0.456552
13.313847 1.889710 0.046899 0.517154 0.466891
13.427597 1.794676 0.018575 0.527001 0.459932
13.302807 1.699181 0.056243 0.519081 0.456552
13.171365 1.830561 -0.086949 0.510528 0.464020
13.313847 1.889710 0.046899 0.517154 0.466891
13.189059 1.598195 -0.068615 0.510382 0.452840
13.313847 1.889710 0.046899 0.517154 0.466891
13.315941 2.145581 -0.084299 0.510709 0.477915
13.382659 1.915747 0.018610 0.519698 0.467993
13.560206 1.989928 -0.013436 0.510709 0.477915
13.541941 1.789920 0.090378 0.517154 0.466891
13.415982 1.739504 -0.043026 0.510528 0.464020
13.617722 1.813443 0.059589 0.519698 0.467993
13.521068 1.586588 0.070753 0.519081 0.456552
13.656549 1.677859 0.030486 0.527001 0.459932
13.419438 1.490358 -0.058339 0.510382 0.452840
13.607375 2.237095 -0.329878 0.510709 0.477915
13.593724 2.039145 -0.243950 0.517154 0.466891
13.472949 1.986802 -0.418046 0.510528 0.464020
13.676591 2.064101 -0.275909 0.519698 0.467993
13.563586 1.870586 -0.179011 0.519081 0.456552
13.709642 1.962862 -0.222197 0.527001 0.459932
13.470440 1.774403 -0.329824 0.510382 0.452840
13.803695 2.168183 -0.351003 0.510709 0.477915
13.741896 1.968863 -0.299470 0.517154 0.466891
13.791930 1.932472 -0.525901 0.510528 0.464020
13.809028 1.985101 -0.265260 0.519698 0.467993
13.672151 1.798754 -0.274088 0.519081 0.456552
13.784947 1.880029 -0.200249 0.527001 0.459932
13.717759 1.707650 -0.462325 0.510382 0.452840
13.615310 2.295403 -0.678479 0.510709 0.477915
13.546327 2.103427 -0.703227 0.517154 0.466891
13.695580 2.058311 -0.861620 0.510528 0.464020
13.581877 2.124403 -0.605062 0.519698 0.467993
13.478229 1.934700 -0.739674 0.519081 0.456552
13.530164 2.023511 -0.561584 0.527001 0.459932
13.605523 1.840523 -0.865114 0.510382 0.452840
13.682793 2.298682 -0.952205 0.510709 0.477915
13.620159 2.105961 -0.943758 0.517154 0.466891
13.662623 2.032953 -1.159889 0.510528 0.464020
13.693877 2.135661 -0.879979 0.519698 0.467993
13.553748 1.936632 -0.936916 0.519081 0.456552
13.677586 2.041279 -0.814167 0.527001 0.459932
13.596942 1.822162 -1.115590 0.510382 0.452840
13.518360 2.165322 -1.203796 0.510709 0.477915
13.459110 1.961292 -1.184477 0.517154 0.466891
13.496306 1.885471 -1.379060 0.510528 0.464020
13.528848 1.992985 -1.141946 0.519698 0.467993
13.400539 1.788533 -1.156028 0.519081 0.456552
13.515958 1.896865 -1.077252 0.527001 0.459932
13.439652 1.674364 -1.311700 0.510382 0.452840
13.351346 2.145908 -1.160723 0.510709 0.477915
13.289011 1.934601 -1.183693 0.517154 0.466891
13.437822 1.876076 -1.320471 0.510528 0.464020
13.309388 1.965975 -1.105853 0.519698 0.467993
13.234724 1.758538 -1.197757 0.519081 0.456552
13.260533 1.862781 -1.064639 0.527001 0.459932
13.362391 1.658744 -1.300177 0.510382 0.452840
13.314863 2.114759 -1.343414 0.510709 0.477915
13.250709 1.905030 -1.342714 0.517154 0.466891
13.371414 1.843209 -1.495534 0.510528 0.464020
13.286842 1.935822 -1.286469 0.519698 0.467993
13.192760 1.732845 -1.336368 0.519081 0.456552
13.246553 1.835480 -1.236153 0.527001 0.459932
13.298622 1.631440 -1.454428 0.510382 0.452840
13.458588 2.115146 -1.399854 0.510709 0.477915
13.398559 1.904008 -1.428061 0.517154 0.466891
13.502392 1.857137 -1.475219 0.510528 0.464020
13.411062 1.934198 -1.357886 0.519698 0.467993
13.347535 1.730397 -1.442453 0.519081 0.456552
13.359515 1.832144 -1.324710 0.527001 0.459932
13.463584 1.592418 -1.479181 0.510382 0.452840
13.585639 2.133207 -1.357342 0.510709 0.477915
13.520379 1.924222 -1.380628 0.517154 0.466891
13.652378 1.857636 -1.491134 0.510528 0.464020
13.552139 1.955582 -1.309859 0.519698 0.467993
13.462442 1.749803 -1.388655 0.519081 0.456552
13.507816 1.855777 -1.270288 0.527001 0.459932
13.577280 1.644064 -1.471563 0.510382 0.452840
13.706944 2.194774 -1.073734 0.510709 0.477915
13.640335 1.993261 -1.070616 0.517154 0.466891
13.692911 1.914631 -1.260418 0.510528 0.464020
13.710962 2.025418 -1.003990 0.519698 0.467993
13.573214 1.818274 -1.061999 0.519081 0.456552
13.690753 1.928565 -0.941239 0.527001 0.459932
13.625742 1.700969 -1.211975 0.510382 0.452840
13.898608 2.170925 -0.953995 0.510709 0.477915
13.840327 1.972945 -0.931535 0.517154 0.466891
13.851877 1.889044 -1.130038 0.510528 0.464020
13.915563 1.997557 -0.878078 0.519698 0.467993
13.774326 1.797394 -0.911434 0.519081 0.456552
13.904958 1.897372 -0.810870 0.527001 0.459932
13.790086 1.673510 -1.071311 0.510382 0.452840
13.890028 2.131221 -0.653889 0.510709 0.477915
13.896312 1.923167 -0.571258 0.517154 0.466891
13.729667 1.868226 -0.714599 0.510528 0.464020
13.957667 1.945652 -0.629849 0.519698 0.467993
13.879406 1.738887 -0.495845 0.519081 0.456552
13.996303 1.831143 -0.585487 0.527001 0.459932
13.744173 1.639354 -0.619024 0.510382 0.452840
13.896172 2.129615 -0.433508 0.510709 0.477915
13.835347 1.928051 -0.383817 0.517154 0.466891
13.874848 1.887660 -0.615619 0.510528 0.464020
13.900510 1.941949 -0.349148 0.519698 0.467993
13.764645 1.754307 -0.357105 0.519081 0.456552
13.876373 1.833913 -0.282863 0.527001 0.459932
13.800783 1.658975 -0.550154 0.510382 0.452840
13.920206 2.034212 -0.232377 0.510709 0.477915
13.936017 1.751787 -0.284414 0.517154 0.466891
13.745614 1.800469 -0.187204 0.510528 0.464020
13.926805 1.771531 -0.348015 0.519698 0.467993
13.914306 1.569459 -0.248934 0.519081 0.456552
13.934290 1.648449 -0.368135 0.527001 0.459932
13.725447 1.554887 -0.167141 0.510382 0.452840
13.959731 2.002210 -0.991842 0.510709 0.477915
14.099679 1.648331 -0.905796 0.513970 0.465512
14.039857 1.643632 -1.005401 0.510528 0.464020
14.136628 1.651955 -0.739270 0.519698 0.467993
14.099980 1.399093 -0.884825 0.515558 0.455049
14.150044 1.482916 -0.680113 0.527001 0.459932
14.014015 1.434787 -1.015286 0.510382 0.452840
13.997675 2.048528 -0.685558 0.510709 0.477915
14.121434 1.688182 -0.705328 0.513970 0.465512
14.068337 1.713748 -0.806686 0.510528 0.464020
14.145043 1.645661 -0.537252 0.519698 0.467993
14.113821 1.441539 -0.743569 0.515558 0.455049
14.153831 1.472851 -0.518446 0.527001 0.459932
14.034467 1.511245 -0.866369 0.510382 0.452840
14.189495 1.288606 -1.196961 0.510709 0.477915
14.151657 0.976304 -1.050009 0.519698 0.467993
14.053508 0.962540 -1.231738 0.510528 0.464020
13.803912 0.834103 -1.231328 0.510382 0.452840
14.071611 0.827635 -0.912398 0.527001 0.459932
13.653498 1.758369 -1.626449 0.510709 0.477915
13.769663 1.369810 -1.461211 0.519698 0.467993
13.590831 1.343005 -1.561526 0.510528 0.464020
13.479223 0.937432 -1.423495 0.510382 0.452840
13.828780 1.105257 -1.352544 0.523352 0.463960
13.359245 1.929529 -1.584016 0.510709 0.477915
13.397360 1.536455 -1.595433 0.514807 0.465874
13.302789 1.502291 -1.565338 0.510528 0.464020
13.489834 1.537030 -1.575553 0.519698 0.467993
13.433484 1.182802 -1.529334 0.517038 0.458547
13.592867 1.146425 -1.437664 0.523352 0.463960
13.245318 1.171395 -1.462698 0.510382 0.452840
13.488305 2.058331 -1.502247 0.510709 0.477915
13.533905 1.758368 -1.549226 0.514807 0.465874
13.439860 1.727197 -1.555218 0.510528 0.464020
13.610690 1.768846 -1.497138 0.519698 0.467993
13.559934 1.490361 -1.513257 0.517038 0.458547
13.680984 1.480675 -1.380802 0.523352 0.463960
13.364823 1.476415 -1.504660 0.510382 0.452840
13.354423 2.285804 -0.537654 0.510709 0.477915
13.349903 2.090265 -0.455061 0.517154 0.466891
13.213781 2.025050 -0.633480 0.510528 0.464020
13.428092 2.118900 -0.488703 0.519698 0.467993
13.330835 1.924166 -0.385611 0.519081 0.456552
13.472419 2.023927 -0.429120 0.527001 0.459932
13.223145 1.818336 -0.542581 0.510382 0.452840
13.136946 2.286313 -0.580756 0.510709 0.477915
13.055684 2.132771 -0.541107 0.516249 0.466499
13.125286 2.106214 -0.659509 0.510528 0.464020
13.140810 2.130438 -0.427437 0.519698 0.467993
13.013176 1.962320 -0.537239 0.518602 0.456348
13.126717 1.972480 -0.377124 0.527001 0.459932
13.122762 2.009676 -0.696884 0.510382 0.452840
13.070045 2.295395 -0.764444 0.510709 0.477915
12.995047 2.126462 -0.758886 0.516249 0.466499
13.050566 2.094958 -0.886722 0.510528 0.464020
13.088272 2.128161 -0.669678 0.519698 0.467993
12.953751 1.973561 -0.747469 0.518602 0.456348
13.079575 1.970655 -0.619722 0.527001 0.459932
13.044680 1.960302 -0.923448 0.510382 0.452840
13.214907 2.215151 -0.271163 0.510709 0.477915
13.193748 2.014354 -0.197449 0.517154 0.466891
13.098093 1.952624 -0.374689 0.510528 0.464020
13.272037 2.041622 -0.204571 0.519698 0.467993
13.163795 1.846864 -0.146348 0.519081 0.456552
13.300458 1.944187 -0.145490 0.527001 0.459932
13.091022 1.744093 -0.297941 0.510382 0.452840
13.719434 2.251595 -0.608170 0.510709 0.477915
13.685685 2.056522 -0.536442 0.517154 0.466891
13.618805 2.002654 -0.782134 0.510528 0.464020
13.770832 2.081594 -0.535088 0.519698 0.467993
13.636085 1.884922 -0.479444 0.519081 0.456552
13.784756 1.979046 -0.462753 0.527001 0.459932
13.588150 1.786088 -0.689353 0.510382 0.452840
13.845922 1.896300 -0.009641 0.510709 0.477915
13.844469 1.457074 0.040419 0.513740 0.465412
13.919811 1.413466 -0.115719 0.510528 0.464020
13.710932 1.408449 0.050851 0.519698 0.467993
13.795801 1.110189 -0.076863 0.517285 0.458758
13.585834 1.169257 -0.006571 0.523352 0.463960
13.904310 1.066493 -0.230402 0.510382 0.452840
13.760632 1.629821 0.196356 0.510709 0.477915
13.900312 1.259681 -0.016719 0.519698 0.467993
13.766537 1.241462 0.144237 0.510528 0.464020
13.684483 0.906054 0.007324 0.510382 0.452840
13.964687 1.032495 -0.160608 0.523352 0.463960
13.612326 1.959607 0.151727 0.510709 0.477915
13.747872 1.641761 0.090353 0.519698 0.467993
13.553477 1.587857 0.188973 0.510528 0.464020
13.359354 1.348220 0.120691 0.510382 0.452840
13.741599 1.497207 0.049473 0.523352 0.463960
13.613027 1.747768 0.232926 0.510709 0.477915
13.730230 1.358650 0.106685 0.519698 0.467993
13.541174 1.340050 0.192325 0.510528 0.464020
13.424254 0.933809 0.052822 0.510382 0.452840
13.809443 1.089296 0.006674 0.523352 0.463960
13.310541 1.925684 0.184946 0.510709 0.477915
13.345983 1.537853 0.210052 0.514807 0.465874
13.250079 1.504185 0.181244 0.510528 0.464020
13.442293 1.536513 0.189178 0.519698 0.467993
13.378545 1.182303 0.156518 0.517038 0.458547
13.541200 1.141951 0.073385 0.523352 0.463960
13.191395 1.170062 0.081412 0.510382 0.452840
13.451909 2.043558 0.095186 0.510709 0.477915
13.496275 1.752247 0.148687 0.514807 0.465874
13.396058 1.726028 0.156550 0.510528 0.464020
13.582563 1.757657 0.097554 0.519698 0.467993
13.518643 1.487445 0.129688 0.517038 0.458547
13.654355 1.470487 0.005581 0.523352 0.463960
13.316055 1.478800 0.116265 0.510382 0.452840
13.428576 2.194027 -0.150750 0.510709 0.477915
13.404582 1.996496 -0.067390 0.517154 0.466891
13.308616 1.942439 -0.239978 0.510528 0.464020
13.484911 2.003407 -0.054291 0.519698 0.467993
13.370771 1.828223 -0.016754 0.519081 0.456552
13.512739 1.920491 -0.023721 0.527001 0.459932
13.297793 1.732103 -0.167041 0.510382 0.452840
13.977140 0.763252 -0.341234 0.510709 0.477915
13.868163 0.556605 -0.383217 0.515475 0.466164
13.722815 0.561513 -0.301610 0.510528 0.464020
13.839551 0.549495 -0.524031 0.519698 0.467993
13.680675 0.423392 -0.460950 0.519143 0.456579
13.868163 0.556605 -0.383217 0.515475 0.466164
13.719980 0.413962 -0.620458 0.527001 0.459932
13.868163 0.556605 -0.383217 0.515475 0.466164
13.977140 0.763252 -0.341234 0.510709 0.477915
13.839551 0.549495 -0.524031 0.519698 0.467993
13.680675 0.423392 -0.460950 0.519143 0.456579
13.722815 0.561513 -0.301610 0.510528 0.464020
13.868163 0.556605 -0.383217 0.515475 0.466164
13.553685 0.437552 -0.281128 0.510382 0.452840
13.945056 1.140440 -0.043536 0.510709 0.477915
13.840143 0.804494 -0.137680 0.515202 0.466046
13.714095 0.804670 -0.071662 0.510528 0.464020
13.876595 0.805704 -0.201215 0.519698 0.467993
13.677241 0.674478 -0.274013 0.519682 0.456809
13.840143 0.804494 -0.137680 0.515202 0.466046
13.785946 0.665668 -0.381767 0.527001 0.459932
13.840143 0.804494 -0.137680 0.515202 0.466046
13.945056 1.140440 -0.043536 0.510709 0.477915
13.876595 0.805704 -0.201215 0.519698 0.467993
13.677241 0.674478 -0.274013 0.519682 0.456809
13.714095 0.804670 -0.071662 0.510528 0.464020
13.840143 0.804494 -0.137680 0.515202 0.466046
13.441669 0.689098 -0.139053 0.510382 0.452840
14.148664 1.173782 -0.255877 0.510709 0.477915
14.108363 0.883747 -0.399526 0.519698 0.467993
14.017579 0.872583 -0.191330 0.510528 0.464020
13.757977 0.711735 -0.185275 0.510382 0.452840
14.002834 0.680487 -0.539276 0.527001 0.459932
13.752058 1.010961 0.122218 0.510709 0.477915
13.665554 0.654708 -0.041959 0.515134 0.466016
13.532558 0.675809 -0.000216 0.510528 0.464020
13.755848 0.716371 -0.188559 0.519698 0.467993
13.543703 0.519060 -0.246864 0.519226 0.456614
13.665554 0.654708 -0.041959 0.515134 0.466016
13.563012 0.525820 -0.363575 0.527001 0.459932
13.665554 0.654708 -0.041959 0.515134 0.466016
13.752058 1.010961 0.122218 0.510709 0.477915
13.755848 0.716371 -0.188559 0.519698 0.467993
13.543703 0.519060 -0.246864 0.519226 0.456614
13.532558 0.675809 -0.000216 0.510528 0.464020
13.665554 0.654708 -0.041959 0.515134 0.466016
13.327133 0.543207 -0.148803 0.510382 0.452840
13.733925 0.745820 -0.023700 0.510709 0.477915
13.645946 0.542533 -0.114225 0.515475 0.466164
13.503881 0.533531 -0.082026 0.510528 0.464020
13.680877 0.531116 -0.266281 0.519698 0.467993
13.509155 0.397843 -0.283439 0.519143 0.456579
13.645946 0.542533 -0.114225 0.515475 0.466164
13.607716 0.467596 -0.410546 0.527001 0.459932
13.645946 0.542533 -0.114225 0.515475 0.466164
13.733925 0.745820 -0.023700 0.510709 0.477915
13.680877 0.531116 -0.266281 0.519698 0.467993
13.509155 0.397843 -0.283439 0.519143 0.456579
13.503881 0.533531 -0.082026 0.510528 0.464020
13.645946 0.542533 -0.114225 0.515475 0.466164
13.353014 0.415767 -0.213987 0.510382 0.452840
12.679582 2.125077 -0.902988 0.510709 0.477915
12.662336 1.924609 -0.929555 0.516249 0.466499
12.760196 1.927058 -1.043492 0.510528 0.464020
12.731230 1.939021 -0.845621 0.519698 0.467993
12.677645 1.707613 -0.969624 0.518602 0.456348
12.744706 1.822429 -0.818185 0.527001 0.459932
12.811832 1.768669 -1.089730 0.510382 0.452840
12.873894 2.012975 -1.232911 0.510709 0.477915
12.871913 1.799937 -1.247452 0.517184 0.466905
12.983175 1.783309 -1.349760 0.510528 0.464020
12.859886 1.812104 -1.189483 0.519698 0.467993
12.861797 1.628631 -1.261401 0.519373 0.456677
12.858266 1.743406 -1.152596 0.527001 0.459932
12.964048 1.584834 -1.376103 0.510382 0.452840
12.809620 2.093313 -1.006709 0.510709 0.477915
12.807914 1.880374 -1.022067 0.517154 0.466891
12.926053 1.865150 -1.181262 0.510528 0.464020
12.841953 1.910348 -0.960816 0.519698 0.467993
12.799581 1.706135 -1.041601 0.519081 0.456552
12.836584 1.802690 -0.925250 0.527001 0.459932
12.918165 1.646642 -1.174236 0.510382 0.452840
12.759357 2.113695 -0.750637 0.510709 0.477915
12.762475 1.901027 -0.741675 0.517154 0.466891
12.828929 1.872944 -0.921674 0.510528 0.464020
12.813375 1.938023 -0.693637 0.519698 0.467993
12.755643 1.725656 -0.741846 0.519081 0.456552
12.823857 1.834809 -0.645934 0.527001 0.459932
12.832184 1.656204 -0.893796 0.510382 0.452840
13.039867 2.213350 -0.764504 0.510709 0.477915
13.064329 2.011591 -0.729818 0.517154 0.466891
13.037548 1.947810 -0.929595 0.510528 0.464020
13.128812 2.061494 -0.723630 0.519698 0.467993
13.073177 1.839464 -0.699025 0.519081 0.456552
13.170950 1.972687 -0.667791 0.527001 0.459932
13.072008 1.741111 -0.877681 0.510382 0.452840
12.990034 2.179487 -0.530401 0.510709 0.477915
12.993017 1.969346 -0.516242 0.517154 0.466891
13.059862 1.947687 -0.717997 0.510528 0.464020
13.044580 2.009052 -0.460855 0.519698 0.467993
12.986077 1.792717 -0.517619 0.519081 0.456552
13.055428 1.906299 -0.408053 0.527001 0.459932
13.063074 1.728417 -0.688992 0.510382 0.452840
12.896128 2.157128 -0.718435 0.510709 0.477915
12.919789 1.951156 -0.680102 0.517154 0.466891
12.895325 1.891516 -0.871053 0.510528 0.464020
12.983364 1.998759 -0.671255 0.519698 0.467993
12.928044 1.778363 -0.649969 0.519081 0.456552
13.022733 1.908017 -0.617604 0.527001 0.459932
12.928939 1.682859 -0.818512 0.510382 0.452840
12.943109 2.067775 -0.298204 0.510709 0.477915
12.978662 1.864687 -0.243914 0.517154 0.466891
12.919031 1.795098 -0.427472 0.510528 0.464020
13.042560 1.912735 -0.243659 0.519698 0.467993
12.996862 1.693993 -0.208584 0.519081 0.456552
13.094738 1.824504 -0.191438 0.527001 0.459932
12.967819 1.590303 -0.370580 0.510382 0.452840
12.789396 2.099536 -0.410315 0.510709 0.477915
12.792263 1.886999 -0.396612 0.517154 0.466891
12.859075 1.860897 -0.577697 0.510528 0.464020
12.843151 1.924235 -0.345380 0.519698 0.467993
12.785437 1.711238 -0.397739 0.519081 0.456552
12.853623 1.820869 -0.296809 0.527001 0.459932
12.862348 1.643256 -0.551271 0.510382 0.452840
12.883867 1.983262 -0.086161 0.510709 0.477915
12.950791 1.730180 0.021029 0.517154 0.466891
12.844760 1.644004 -0.117724 0.510528 0.464020
13.006437 1.776029 -0.001706 0.519698 0.467993
12.996417 1.546462 0.017067 0.519081 0.456552
12.950791 1.730180 0.021029 0.517154 0.466891
13.082663 1.674812 -0.006434 0.527001 0.459932
12.996417 1.546462 0.017067 0.519081 0.456552
12.844760 1.644004 -0.117724 0.510528 0.464020
12.950791 1.730180 0.021029 0.517154 0.466891
12.927411 1.428235 -0.112752 0.510382 0.452840
12.950791 1.730180 0.021029 0.517154 0.466891
12.883867 1.983262 -0.086161 0.510709 0.477915
13.006437 1.776029 -0.001706 0.519698 0.467993
13.116403 2.160320 -0.275576 0.510709 0.477915
13.160648 1.962416 -0.212422 0.517154 0.466891
13.081420 1.887548 -0.392203 0.510528 0.464020
13.226694 2.010522 -0.220729 0.519698 0.467993
13.184929 1.793973 -0.169404 0.519081 0.456552
13.287542 1.923848 -0.166887 0.527001 0.459932
13.139381 1.685934 -0.329252 0.510382 0.452840
13.132161 2.237240 -0.578286 0.510709 0.477915
13.132764 2.032929 -0.619525 0.517154 0.466891
13.299456 2.047272 -0.750253 0.510528 0.464020
13.147074 2.055084 -0.528578 0.519698 0.467993
13.128686 1.861180 -0.671356 0.519081 0.456552
13.129345 1.943724 -0.504875 0.527001 0.459932
13.284881 1.825798 -0.782955 0.510382 0.452840
13.140721 2.147171 -1.058342 0.510709 0.477915
13.143967 1.935356 -1.061069 0.517154 0.466891
13.210302 1.901555 -1.262962 0.510528 0.464020
13.195607 1.980087 -1.019272 0.519698 0.467993
13.137032 1.755833 -1.059389 0.519081 0.456552
13.206514 1.878908 -0.971631 0.527001 0.459932
13.213516 1.682022 -1.231012 0.510382 0.452840
12.988536 2.075797 -1.025608 0.510709 0.477915
12.990401 1.864051 -1.072201 0.517154 0.466891
13.154533 1.867868 -1.203202 0.510528 0.464020
12.997984 1.887510 -0.995184 0.519698 0.467993
12.988969 1.690759 -1.114568 0.519081 0.456552
12.978835 1.774915 -0.974621 0.527001 0.459932
13.143784 1.644363 -1.220932 0.510382 0.452840
12.970246 2.065275 -1.205277 0.510709 0.477915
12.968807 1.852296 -1.234123 0.517154 0.466891
13.109165 1.844167 -1.386921 0.510528 0.464020
12.992164 1.879634 -1.169786 0.519698 0.467993
12.962290 1.678886 -1.261318 0.519081 0.456552
12.980056 1.769896 -1.139057 0.527001 0.459932
13.098598 1.624781 -1.386166 0.510382 0.452840
13.109677 2.108527 -1.251508 0.510709 0.477915
13.114165 1.897423 -1.306338 0.517154 0.466891
13.228882 1.889520 -1.367078 0.510528 0.464020
13.114159 1.919077 -1.231287 0.519698 0.467993
13.116029 1.725634 -1.351974 0.519081 0.456552
13.092647 1.806032 -1.215161 0.527001 0.459932
13.268490 1.634784 -1.420017 0.510382 0.452840
12.903535 2.155560 -0.491762 0.510709 0.477915
12.949978 1.957490 -0.432019 0.517154 0.466891
12.863240 1.875002 -0.597145 0.510528 0.464020
13.009922 2.005767 -0.450881 0.519698 0.467993
12.977833 1.790971 -0.383860 0.519081 0.456552
13.070579 1.922985 -0.399595 0.527001 0.459932
12.925408 1.676412 -0.534534 0.510382 0.452840
12.710969 2.111870 -0.543631 0.510709 0.477915
12.676199 1.941182 -0.525941 0.516249 0.466499
12.758304 1.938723 -0.624175 0.510528 0.464020
12.751052 1.948338 -0.418427 0.519698 0.467993
12.684795 1.768291 -0.539084 0.518602 0.456348
12.781049 1.789654 -0.386318 0.527001 0.459932
12.786321 1.847982 -0.661468 0.510382 0.452840
12.654127 2.123086 -0.714571 0.510709 0.477915
12.630573 1.942635 -0.729053 0.516249 0.466499
12.700511 1.936483 -0.835396 0.510528 0.464020
12.716632 1.954028 -0.636530 0.519698 0.467993
12.634316 1.738031 -0.734374 0.518602 0.456348
12.751609 1.796676 -0.604000 0.527001 0.459932
12.735509 1.810686 -0.876739 0.510382 0.452840
12.783593 2.037382 -0.261679 0.510709 0.477915
12.818769 1.832623 -0.210715 0.517154 0.466891
12.759611 1.764373 -0.386785 0.510528 0.464020
12.881671 1.878190 -0.213180 0.519698 0.467993
12.836907 1.661894 -0.175043 0.519081 0.456552
12.932376 1.788420 -0.163153 0.527001 0.459932
12.808252 1.559520 -0.329660 0.510382 0.452840
12.930403 1.754364 0.162553 0.510709 0.477915
13.075914 1.395713 0.167363 0.514807 0.465874
12.997054 1.337520 0.130510 0.510528 0.464020
13.167117 1.425947 0.158774 0.519698 0.467993
13.212996 1.072515 0.111314 0.517038 0.458547
13.383262 1.091968 0.052118 0.523352 0.463960
13.043018 1.012785 0.022980 0.510382 0.452840
12.971128 2.063156 -0.138773 0.510709 0.477915
13.005151 1.862452 -0.077877 0.517154 0.466891
12.944860 1.794456 -0.252383 0.510528 0.464020
13.072647 1.891221 -0.055237 0.519698 0.467993
13.023347 1.691469 -0.043991 0.519081 0.456552
13.121382 1.819940 -0.027479 0.527001 0.459932
12.993915 1.589451 -0.198373 0.510382 0.452840
13.107108 1.938697 -1.403059 0.510709 0.477915
13.108980 1.677699 -1.469618 0.514807 0.465874
13.023577 1.654100 -1.411550 0.510528 0.464020
13.203147 1.684138 -1.492327 0.519698 0.467993
13.125813 1.447523 -1.479408 0.517038 0.458547
13.294997 1.438203 -1.483721 0.523352 0.463960
12.966590 1.440603 -1.346881 0.510382 0.452840
13.132401 1.754833 -1.538590 0.510709 0.477915
13.160091 1.352191 -1.566117 0.514807 0.465874
13.057468 1.330018 -1.476287 0.510528 0.464020
13.258127 1.349995 -1.569965 0.519698 0.467993
13.187370 1.013678 -1.495204 0.517038 0.458547
13.374615 0.993568 -1.462980 0.523352 0.463960
13.049599 1.024037 -1.447595 0.510382 0.452840
13.363628 1.508126 -1.641809 0.510709 0.477915
13.406833 1.172039 -1.575681 0.514807 0.465874
13.282909 1.148731 -1.528602 0.510528 0.464020
13.495362 1.170914 -1.538583 0.519698 0.467993
13.414543 0.915836 -1.454241 0.517038 0.458547
13.576075 0.888385 -1.394615 0.523352 0.463960
13.271024 0.925534 -1.460091 0.510382 0.452840
13.646554 1.405277 -1.573669 0.510709 0.477915
13.630788 1.070288 -1.505787 0.514807 0.465874
13.518312 1.041037 -1.497821 0.510528 0.464020
13.704017 1.101824 -1.422405 0.519698 0.467993
13.600280 0.811566 -1.412005 0.517038 0.458547
13.693064 0.867622 -1.347313 0.523352 0.463960
13.467113 0.811313 -1.434630 0.510382 0.452840
13.658618 1.560025 0.236596 0.510709 0.477915
13.593924 1.172138 0.185165 0.516078 0.466425
13.497571 1.225921 0.195178 0.510528 0.464020
13.666054 1.152634 0.128281 0.519698 0.467993
13.529033 0.885799 0.055998 0.517992 0.459364
13.666847 0.888264 -0.002411 0.523352 0.463960
13.325712 0.914707 0.061043 0.510382 0.452840
13.375197 1.599384 0.245202 0.510709 0.477915
13.359108 1.216895 0.182260 0.516078 0.466425
13.262733 1.268224 0.174225 0.510528 0.464020
13.436196 1.200093 0.139080 0.519698 0.467993
13.307719 0.929888 0.047184 0.517992 0.459364
13.450169 0.934640 0.008919 0.523352 0.463960
13.104509 0.955479 0.028382 0.510382 0.452840
13.205268 2.032270 0.080718 0.510709 0.477915
13.242407 1.647466 0.117152 0.514807 0.465874
13.146111 1.612132 0.085087 0.510528 0.464020
13.339169 1.648882 0.102308 0.519698 0.467993
13.276085 1.291361 0.069415 0.517038 0.458547
13.441007 1.253877 -0.007157 0.523352 0.463960
13.088691 1.277504 -0.011952 0.510382 0.452840
13.996405 0.606198 -0.685461 0.510709 0.477915
13.794986 0.371047 -0.635363 0.515698 0.466260
13.712109 0.378301 -0.772965 0.510528 0.464020
13.721729 0.384205 -0.553085 0.519698 0.467993
13.428781 0.215775 -0.633415 0.519375 0.456678
13.794986 0.371047 -0.635363 0.515698 0.466260
13.445103 0.232488 -0.492705 0.527001 0.459932
13.794986 0.371047 -0.635363 0.515698 0.466260
13.996405 0.606198 -0.685461 0.510709 0.477915
13.721729 0.384205 -0.553085 0.519698 0.467993
13.428781 0.215775 -0.633415 0.519375 0.456678
13.712109 0.378301 -0.772965 0.510528 0.464020
13.794986 0.371047 -0.635363 0.515698 0.466260
13.424694 0.236744 -0.795787 0.510382 0.452840
14.220033 1.541571 -0.582068 0.510709 0.477915
14.195622 1.137894 -0.620934 0.514931 0.465928
14.152280 1.158021 -0.733525 0.510528 0.464020
14.143527 1.156227 -0.475854 0.519698 0.467993
14.125602 0.900781 -0.638452 0.517970 0.456078
14.080425 0.930097 -0.433662 0.527001 0.459932
14.103118 0.907176 -0.814228 0.510382 0.452840
13.143129 1.576420 0.231833 0.510709 0.477915
13.150608 1.240932 0.199294 0.514807 0.465874
13.062542 1.211408 0.151807 0.510528 0.464020
13.247868 1.238491 0.199854 0.519698 0.467993
13.289581 0.917010 0.102687 0.517038 0.458547
13.461123 0.941758 0.045540 0.523352 0.463960
13.121127 0.871782 0.007461 0.510382 0.452840
13.088561 1.878629 0.092965 0.510709 0.477915
13.111959 1.490644 0.122297 0.514807 0.465874
13.028587 1.456162 0.066364 0.510528 0.464020
13.211162 1.490677 0.137501 0.519698 0.467993
13.152388 1.136142 0.089764 0.517038 0.458547
13.332966 1.099064 0.073658 0.523352 0.463960
12.997177 1.123198 -0.038001 0.510382 0.452840
13.678213 2.043712 -0.139343 0.510709 0.477915
13.696776 1.834507 -0.074102 0.517154 0.466891
13.511118 1.781651 -0.129804 0.510528 0.464020
13.753118 1.861648 -0.141451 0.519698 0.467993
13.667091 1.604417 -0.089052 0.519081 0.456552
13.802071 1.596617 -0.225930 0.527001 0.459932
13.547459 1.563853 -0.082329 0.510382 0.452840
13.921758 0.553814 -1.048031 0.510709 0.477915
13.726048 0.348445 -0.972325 0.515698 0.466260
13.669363 0.373510 -1.067415 0.510528 0.464020
13.778476 0.366972 -0.847042 0.519698 0.467993
13.371056 0.203714 -0.864643 0.519375 0.456678
13.256274 0.218793 -0.708181 0.527001 0.459932
13.277513 0.261440 -1.016157 0.510382 0.452840
13.891361 0.575947 -0.315299 0.510709 0.477915
13.720488 0.380762 -0.368168 0.515698 0.466260
13.713347 0.365991 -0.518315 0.510528 0.464020
13.635530 0.427184 -0.266744 0.519698 0.467993
13.372102 0.232663 -0.447244 0.519375 0.456678
13.172903 0.220543 -0.388533 0.527001 0.459932
13.377769 0.213976 -0.635764 0.510382 0.452840
13.961390 1.174624 -1.371285 0.510709 0.477915
13.851131 0.870883 -1.364419 0.514807 0.465874
13.749213 0.918108 -1.398527 0.510528 0.464020
13.874739 0.838389 -1.275658 0.519698 0.467993
13.634447 0.711819 -1.297389 0.517038 0.458547
13.679647 0.665769 -1.218487 0.523352 0.463960
13.551085 0.765993 -1.366570 0.510382 0.452840
12.816220 2.171940 -0.674113 0.510709 0.477915
12.819992 1.965241 -0.626751 0.517154 0.466891
12.883605 1.906704 -0.806459 0.510528 0.464020
12.871547 2.011852 -0.584475 0.519698 0.467993
12.813630 1.792367 -0.595994 0.519081 0.456552
12.883079 1.920142 -0.517192 0.527001 0.459932
12.888009 1.697884 -0.741156 0.510382 0.452840
12.886499 2.169929 -0.942756 0.510709 0.477915
12.890516 1.962956 -0.902548 0.517154 0.466891
12.953806 1.905157 -1.085154 0.510528 0.464020
12.942190 2.009808 -0.866158 0.519698 0.467993
12.884263 1.789769 -0.873059 0.519081 0.456552
12.953920 1.918058 -0.802768 0.527001 0.459932
12.958282 1.695698 -1.021269 0.510382 0.452840
12.983799 2.143827 -0.336122 0.510709 0.477915
13.015478 1.940943 -0.275031 0.517154 0.466891
12.970692 1.871776 -0.464478 0.510528 0.464020
13.080482 1.989420 -0.269299 0.519698 0.467993
13.030262 1.770396 -0.234614 0.519081 0.456552
13.128917 1.901345 -0.210195 0.527001 0.459932
13.014168 1.667000 -0.399142 0.510382 0.452840
13.042354 2.124047 -0.110310 0.510709 0.477915
13.038136 1.899360 -0.104148 0.517154 0.466891
13.062468 1.895810 -0.292256 0.510528 0.464020
13.103546 1.927796 -0.057939 0.519698 0.467993
13.011765 1.725652 -0.136144 0.519081 0.456552
13.112458 1.818596 -0.032929 0.527001 0.459932
13.047087 1.676402 -0.310943 0.510382 0.452840
14.024398 1.760509 -0.145820 0.510709 0.477915
14.030642 1.322521 -0.106241 0.513740 0.465412
14.044733 1.280648 -0.269564 0.510528 0.464020
13.910971 1.272267 -0.046582 0.519698 0.467993
13.954299 0.981752 -0.190145 0.517285 0.458758
13.784018 1.036324 -0.047908 0.523352 0.463960
14.003982 0.942076 -0.367212 0.510382 0.452840
Indices:
0 1 2
1 3 2
1 4 3
5 6 7
8 9 6
8 10 9
6 5 8
9 7 6
9 11 7
12 13 14
15 16 17
15 18 16
19 20 21
19 22 20
22 23 20
22 24 23
23 25 20
23 26 25
20 25 21
27 28 29
27 30 28
30 31 28
30 32 31
28 33 29
31 33 28
31 34 33
35 36 37
36 38 37
36 39 38
40 41 42
43 44 41
43 45 44
41 40 43
44 42 41
44 46 42
47 48 49
50 51 52
50 53 51
54 55 56
54 57 55
55 58 56
55 59 58
57 59 55
57 60 59
61 62 63
62 64 63
62 65 64
66 67 68
67 69 68
67 70 69
71 72 73
72 74 73
72 75 74
76 77 78
79 80 77
79 81 80
77 76 79
80 78 77
80 82 78
83 84 85
84 86 85
84 87 86
88 89 90
89 91 90
89 92 91
93 94 95
94 96 95
94 97 96
98 99 100
99 101 100
99 102 101
103 104 105
106 107 104
106 108 107
104 103 106
107 105 104
107 109 105
110 111 112
111 113 112
111 114 113
115 116 117
118 119 116
118 120 119
119 117 116
119 121 117
116 115 118
122 123 124
125 126 123
125 127 126
126 124 123
126 128 124
123 122 125
129 130 131
132 133 130
132 134 133
133 131 130
133 135 131
130 129 132
136 137 138
139 140 137
139 141 140
140 138 137
140 142 138
137 136 139
143 144 145
146 147 144
146 148 147
147 145 144
147 149 145
144 143 146
150 151 152
153 154 151
153 155 154
154 152 151
154 156 152
151 150 153
157 158 159
160 161 158
160 162 161
161 159 158
161 163 159
158 157 160
164 165 166
167 168 169
167 170 168
171 172 173
171 174 172
175 176 177
178 179 180
181 182 179
181 183 182
182 180 179
182 184 180
179 178 181
185 186 187
188 189 186
188 190 189
189 187 186
189 191 187
186 185 188
192 193 194
195 196 193
195 197 196
196 194 193
196 198 194
193 192 195
199 200 201
202 203 200
202 204 203
203 201 200
203 205 201
200 199 202
206 207 208
209 210 207
209 211 210
210 208 207
210 212 208
207 206 209
213 214 215
216 217 214
216 218 217
217 215 214
217 219 215
214 213 216
220 221 222
223 224 221
223 225 224
224 222 221
224 226 222
221 220 223
227 228 229
230 231 228
230 232 231
231 229 228
231 233 229
228 227 230
234 235 236
237 238 235
237 239 238
238 236 235
238 240 236
235 234 237
241 242 243
244 245 242
244 246 245
245 243 242
245 247 243
242 241 244
248 249 250
251 252 249
251 253 252
252 250 249
252 254 250
249 248 251
255 256 257
258 259 256
258 260 259
259 257 256
259 261 257
256 255 258
262 263 264
265 266 263
265 267 266
266 264 263
266 268 264
263 262 265
269 270 271
272 273 270
272 274 273
273 271 270
273 275 271
270 269 272
276 277 278
279 280 277
279 281 280
280 278 277
280 282 278
277 276 279
283 284 285
286 287 284
286 288 287
284 283 286
287 285 284
287 289 285
290 291 292
293 294 291
293 295 294
291 290 293
294 292 291
294 296 292
297 298 299
298 300 299
298 301 300
302 303 304
303 305 304
303 306 305
307 308 309
310 311 308
310 312 311
308 307 310
311 309 308
311 313 309
314 315 316
317 318 315
317 319 318
315 314 317
318 316 315
318 320 316
321 322 323
324 325 322
324 326 325
325 323 322
325 327 323
322 321 324
328 329 330
331 332 329
331 333 332
329 328 331
332 330 329
332 334 330
335 336 337
338 339 336
338 340 339
336 335 338
339 337 336
339 341 337
342 343 344
345 346 343
345 347 346
346 344 343
346 348 344
343 342 345
349 350 351
352 353 350
352 354 353
353 351 350
353 355 351
350 349 352
356 357 358
359 360 357
359 361 360
357 356 359
360 358 357
360 362 358
363 364 365
364 366 365
364 367 366
368 369 370
369 371 370
369 372 371
373 374 375
374 376 375
374 377 376
378 379 380
381 382 379
381 383 382
379 378 381
382 380 379
382 384 380
385 386 387
388 389 386
388 390 389
386 385 388
389 387 386
389 391 387
392 393 394
395 396 393
395 397 396
396 394 393
396 398 394
393 392 395
399 400 401
402 403 404
402 405 403
406 407 408
409 410 411
409 412 410
413 414 415
416 417 418
416 419 417
420 421 422
423 424 425
423 426 424
427 428 429
428 430 429
428 431 430
432 433 434
435 436 437
435 438 436
439 440 441
442 443 444
442 445 443
446 447 448
449 450 451
449 452 450
453 454 455
456 457 458
456 459 457
460 461 462
463 464 461
463 465 464
461 460 463
464 462 461
464 466 462
467 468 469
470 471 468
470 472 471
468 467 470
471 469 468
471 473 469
474 475 476
477 478 475
477 479 478
478 476 475
478 480 476
475 474 477
481 482 483
484 485 482
484 486 485
485 483 482
485 487 483
482 481 484
488 489 490
491 492 489
491 493 492
492 490 489
492 494 490
489 488 491
495 496 497
498 499 496
498 500 499
499 497 496
499 501 497
496 495 498
502 503 504
505 506 503
505 507 506
506 504 503
506 508 504
503 502 505
509 510 511
512 513 510
512 514 513
513 511 510
513 515 511
510 509 512
516 517 518
519 520 517
519 521 520
520 518 517
520 522 518
517 516 519
523 524 525
526 527 528
526 529 527
530 531 532
530 533 531
534 535 536
537 538 539
540 541 538
540 542 541
541 539 538
541 543 539
538 537 540
544 545 546
547 548 545
547 549 548
548 546 545
548 550 546
545 544 547
551 552 553
554 555 552
554 556 555
555 553 552
555 557 553
552 551 554
558 559 560
561 562 559
561 563 562
562 560 559
562 564 560
559 558 561
565 566 567
568 569 566
568 570 569
569 567 566
569 571 567
566 565 568
572 573 574
575 576 573
575 577 576
576 574 573
576 578 574
573 572 575
579 580 581
582 583 580
582 584 583
583 581 580
583 585 581
580 579 582
586 587 588
589 590 587
589 591 590
587 586 589
590 588 587
590 592 588
593 594 595
596 597 594
596 598 597
594 593 596
597 595 594
597 599 595
600 601 602
603 604 601
603 605 604
604 602 601
604 606 602
601 600 603
607 608 609
610 611 608
610 612 611
608 607 610
611 609 608
611 613 609
614 615 616
617 618 615
617 619 618
618 616 615
618 620 616
615 614 617
621 622 623
624 625 622
624 626 625
622 621 624
625 623 622
625 627 623
628 629 630
631 632 629
631 633 632
629 628 631
632 630 629
632 634 630
635 636 637
638 639 636
638 640 639
636 635 638
639 637 636
639 641 637
642 643 644
645 646 643
645 647 646
643 642 645
646 644 643
646 648 644
649 650 651
652 653 650
652 654 653
653 651 650
653 655 651
650 649 652
656 657 658
659 660 657
659 661 660
660 658 657
660 662 658
657 656 659
663 664 665
666 667 664
666 668 667
664 663 666
667 665 664
667 669 665
670 671 672
673 674 675
673 676 674
677 678 679
680 681 682
680 683 681
684 685 686
687 688 685
687 689 688
685 684 687
688 686 685
688 690 686
691 692 693
694 695 692
694 696 695
692 691 694
695 693 692
695 697 693
691 693 694
698 699 700
701 702 699
701 703 702
699 698 701
702 700 699
702 704 700
705 706 707
708 709 706
708 710 709
709 707 706
709 711 707
706 705 708
712 713 714
715 716 713
715 717 716
713 712 715
716 714 713
716 718 714
719 720 721
722 723 720
722 724 723
720 719 722
723 721 720
723 725 721
726 727 728
729 730 727
729 731 730
727 726 729
730 728 727
730 732 728
733 734 735
736 737 734
736 738 737
737 735 734
737 739 735
734 733 736
740 741 742
743 744 741
743 745 744
744 742 741
744 746 742
741 740 743
747 748 749
750 751 748
750 752 751
751 749 748
751 753 749
748 747 750
754 755 756
757 758 755
757 759 758
758 756 755
758 760 756
755 754 757
761 762 763
764 765 762
764 766 765
762 761 764
765 763 762
765 767 763
