Material: plane_3
BaseColor: plane.png
Normal: None
Roughness: 0.9
Metallic: None
Alpha: 1.000000
Emissive: None
Vertices:
2.756672 5.215733 -4.480171 0.708176 0.591236
2.700439 5.223927 -4.296960 0.714791 0.557808
2.598911 5.043604 -4.268111 0.751860 0.558839
2.649879 5.024669 -4.444468 0.747387 0.591592
2.674399 5.189557 -4.101942 0.723657 0.528056
2.579929 5.025376 -4.084836 0.757604 0.530260
2.526666 4.835366 -4.203802 0.789411 0.558715
2.574151 4.801113 -4.372458 0.787495 0.591140
2.513432 4.842494 -4.040556 0.790885 0.531807
2.925436 5.318192 -4.671925 0.672815 0.626513
2.848004 5.368925 -4.500532 0.676095 0.590111
2.830022 5.163868 -4.645818 0.705574 0.626513
2.785355 5.370364 -4.310023 0.684444 0.555553
2.752087 5.325799 -4.106543 0.695622 0.524683
2.762780 5.238510 -3.896234 0.707390 0.499344
2.691304 5.113128 -3.900236 0.733144 0.503728
2.602100 4.964182 -3.896057 0.764304 0.507216
2.538051 4.805948 -3.878636 0.793775 0.511293
2.519820 4.677707 -3.853184 0.813662 0.515454
2.506681 4.649682 -3.946483 0.818592 0.531004
2.525114 4.604245 -4.081419 0.821885 0.556766
2.575448 4.550336 -4.242815 0.822356 0.589746
2.644883 4.740447 -4.535827 0.786424 0.626513
2.648696 4.482405 -4.410425 0.821954 0.626513
2.720915 4.969444 -4.607372 0.745537 0.626513
3.699609 3.984016 -3.079586 0.909529 0.690304
3.805065 3.915862 -3.169028 0.905245 0.663208
3.656830 3.831943 -3.200947 0.935592 0.663424
3.566168 3.900784 -3.109075 0.937897 0.689811
3.900408 3.853245 -3.282913 0.901459 0.633494
3.742965 3.767660 -3.318377 0.933203 0.633743
3.489693 3.768635 -3.246865 0.965515 0.664443
3.424069 3.835172 -3.150091 0.964945 0.689496
3.562543 3.703830 -3.371632 0.964881 0.634604
3.703785 4.120116 -2.984905 0.890536 0.714817
3.824377 4.039063 -3.040797 0.886135 0.690823
3.589796 4.063596 -3.022316 0.912758 0.713574
3.938901 3.972036 -3.128724 0.880541 0.663348
4.040107 3.911419 -3.241239 0.875735 0.633545
4.120747 3.849595 -3.370899 0.873693 0.602565
3.979102 3.790251 -3.413383 0.899823 0.602451
3.819261 3.703249 -3.451736 0.932064 0.602330
3.636785 3.637333 -3.511508 0.964278 0.602180
3.427251 3.641268 -3.618251 0.990328 0.601977
3.353624 3.710630 -3.466156 0.990479 0.636469
3.296929 3.771994 -3.324937 0.989545 0.667371
3.268657 3.826574 -3.210066 0.985869 0.691481
3.351875 3.906790 -3.092933 0.964460 0.709262
3.259079 3.875460 -3.143810 0.980511 0.706159
3.469995 3.978643 -3.051321 0.939621 0.711979
3.252231 4.400736 -3.086585 0.376492 0.840470
3.368258 4.272007 -3.024993 0.365916 0.836342
3.259427 4.176359 -3.056402 0.369163 0.808995
3.149686 4.300013 -3.116098 0.379220 0.813128
3.368258 4.272007 -3.024993 0.912546 0.745660
3.479791 4.159405 -3.003652 0.913733 0.732050
3.366819 4.069593 -3.034116 0.940387 0.729342
3.259427 4.176359 -3.056402 0.939468 0.742053
3.145063 4.087987 -3.108288 0.372882 0.781348
3.043000 4.208808 -3.162794 0.382421 0.786096
3.253675 3.987479 -3.082182 0.965982 0.724477
3.145063 4.087987 -3.108288 0.966069 0.736224
3.201382 4.632986 -3.160207 0.386453 0.866686
3.334075 4.479748 -3.054197 0.374306 0.862423
3.127749 4.544261 -3.189093 0.387869 0.844319
3.460353 4.341773 -2.990208 0.362851 0.858130
3.460353 4.341773 -2.990208 0.891306 0.749162
3.582743 4.221186 -2.967393 0.892200 0.734353
3.156749 3.931363 -3.162773 0.985903 0.715227
3.033232 4.034438 -3.202457 0.987522 0.726197
3.033232 4.034438 -3.202457 0.377382 0.757554
2.935350 4.160120 -3.247100 0.386866 0.763859
2.939407 4.335085 -3.248801 0.392100 0.790292
2.878897 4.267171 -3.287798 0.393361 0.772074
3.031519 4.436332 -3.214504 0.390017 0.816751
2.758925 4.997381 -3.697793 0.741911 0.486149
2.865492 4.854609 -3.504537 0.749639 0.475031
2.774843 4.723129 -3.518440 0.778486 0.479917
2.670269 4.857766 -3.703901 0.771672 0.490584
2.865492 4.854609 -3.504537 0.411705 0.849829
2.994211 4.699192 -3.331365 0.399979 0.847363
2.901505 4.579558 -3.351568 0.401575 0.818636
2.774843 4.723129 -3.518440 0.412834 0.819804
2.697075 4.579450 -3.532282 0.807451 0.486700
2.599825 4.707511 -3.706661 0.800716 0.496704
2.818248 4.454841 -3.374317 0.402450 0.790089
2.697075 4.579450 -3.532282 0.412829 0.789374
2.826788 5.113425 -3.686032 0.717910 0.480973
2.932479 4.962052 -3.486035 0.726957 0.469379
2.932479 4.962052 -3.486035 0.411224 0.873862
3.062964 4.797519 -3.307131 0.399131 0.870450
2.780207 4.326311 -3.391974 0.400582 0.766117
2.662723 4.431853 -3.550933 0.410145 0.762928
2.662723 4.431853 -3.550933 0.831700 0.497896
2.566934 4.567151 -3.723500 0.823806 0.507194
2.819036 4.184617 -3.388525 0.286083 0.374232
2.928667 4.035917 -3.358099 0.291800 0.389078
2.817734 4.099109 -3.610105 0.277491 0.414893
2.695935 4.282778 -3.577822 0.273478 0.386765
3.094727 3.901588 -3.285860 0.303674 0.400747
3.074579 3.877388 -3.446627 0.296910 0.425944
3.116679 3.824021 -3.618124 0.294128 0.459812
2.879365 4.026969 -3.817468 0.274795 0.457243
2.685461 4.282269 -4.045044 0.259655 0.458540
2.622981 4.357299 -3.885066 0.261047 0.423267
2.576485 4.454104 -3.781235 0.837831 0.525303
2.695935 4.282778 -3.577822 0.847970 0.515731
2.817734 4.099109 -3.610105 0.858278 0.543858
2.622981 4.357299 -3.885066 0.844940 0.552233
2.819036 4.184617 -3.388525 0.393890 0.749398
2.935350 4.160120 -3.247100 0.298824 0.363131
3.033232 4.034438 -3.202457 0.304607 0.373145
2.695935 4.282778 -3.577822 0.403434 0.743340
3.259079 3.875460 -3.143810 0.320307 0.393403
3.268657 3.826574 -3.210066 0.317913 0.408068
3.156749 3.931363 -3.162773 0.312963 0.384241
3.296929 3.771994 -3.324937 0.315540 0.432159
3.427251 3.641268 -3.618251 0.314460 0.497547
3.192505 3.750812 -3.788153 0.293596 0.497547
3.353624 3.710630 -3.466156 0.314569 0.463054
2.959538 3.949790 -3.999966 0.274163 0.497547
2.685461 4.282269 -4.045044 0.846847 0.587506
2.763698 4.206907 -4.221025 0.846818 0.626513
2.763698 4.206907 -4.221025 0.259096 0.497547
2.910358 5.068759 -4.787272 0.708176 0.661789
2.802014 4.879179 -4.748468 0.747387 0.661433
2.893738 4.761654 -4.857247 0.751860 0.694186
2.999760 4.937680 -4.895074 0.714791 0.695217
2.728258 4.653737 -4.680402 0.787495 0.661885
2.822038 4.552896 -4.794025 0.789411 0.694310
2.999269 4.624352 -4.922777 0.757604 0.722765
3.103338 4.779353 -4.959065 0.723657 0.724969
2.926034 4.447923 -4.865024 0.790885 0.721218
3.006593 5.217263 -4.817430 0.676095 0.662914
2.735629 4.397152 -4.562894 0.822356 0.663279
2.828975 4.313655 -4.688607 0.821885 0.696259
2.922779 4.251759 -4.777945 0.818592 0.722021
3.003661 4.214999 -4.820014 0.813662 0.737571
3.040021 4.325904 -4.881691 0.793775 0.741732
3.121831 4.467153 -4.934603 0.764304 0.745808
3.226231 4.601565 -4.969149 0.733144 0.749297
3.195724 4.901540 -4.993035 0.695622 0.728342
3.316810 4.708679 -5.003319 0.707390 0.753681
3.094501 5.074721 -4.927769 0.684444 0.697472
4.082783 3.617579 -3.845258 0.909529 0.514422
3.947620 3.535993 -3.871308 0.937897 0.514718
3.923148 3.577257 -3.733114 0.935592 0.541180
4.069962 3.662535 -3.698355 0.905245 0.541616
3.804639 3.471225 -3.910560 0.964945 0.514808
3.761034 3.509145 -3.789071 0.965515 0.539893
3.879868 3.636737 -3.591941 0.933203 0.570903
4.035708 3.723855 -3.553275 0.901459 0.571389
3.703834 3.568710 -3.653966 0.964881 0.569749
4.193661 3.651637 -3.963794 0.890536 0.489956
4.074656 3.599914 -3.991181 0.912758 0.491016
4.209373 3.670883 -3.810112 0.886135 0.514104
3.948286 3.521243 -4.007061 0.939621 0.492436
3.818742 3.460316 -4.025844 0.964460 0.494964
3.712800 3.441556 -4.050453 0.980511 0.497894
3.658485 3.453773 -3.989034 0.985869 0.512544
3.581803 3.499563 -3.894184 0.989545 0.536610
3.503901 3.566916 -3.766445 0.990479 0.567490
4.175139 3.782285 -3.511066 0.875735 0.571563
4.203941 3.718573 -3.658336 0.880541 0.541691
3.917049 3.764956 -4.415051 0.323086 0.738602
3.796645 3.681313 -4.408876 0.325814 0.765944
3.869582 3.592854 -4.275638 0.315757 0.770077
3.993784 3.673803 -4.274946 0.312511 0.742731
3.664959 3.614016 -4.405616 0.329016 0.792976
3.730224 3.528386 -4.277578 0.319477 0.797724
3.993784 3.673803 -4.274946 0.912546 0.458534
3.869582 3.592854 -4.275638 0.939468 0.461983
3.921126 3.539497 -4.141754 0.940387 0.474906
4.045538 3.618369 -4.134151 0.913733 0.472363
3.730224 3.528386 -4.277578 0.966069 0.467626
3.787185 3.477272 -4.148263 0.965982 0.479588
3.908803 3.956463 -4.573804 0.333047 0.712386
3.811832 3.890058 -4.556054 0.334463 0.734754
4.018677 3.825049 -4.422194 0.320900 0.716650
3.696047 3.800830 -4.542389 0.336612 0.762321
3.579137 3.723297 -4.527134 0.338694 0.788780
3.490742 3.682051 -4.510410 0.339956 0.806998
3.520957 3.600092 -4.417281 0.333461 0.815214
3.575210 3.516133 -4.285458 0.323976 0.821519
3.575210 3.516133 -4.285458 0.987522 0.477421
3.650385 3.459289 -4.149176 0.985903 0.488641
4.158168 3.670895 -4.117229 0.892200 0.470225
4.100821 3.729280 -4.270016 0.891306 0.455177
4.100821 3.729280 -4.270016 0.309445 0.720942
3.370439 4.412577 -4.919744 0.741911 0.766876
3.262463 4.291438 -4.887246 0.771672 0.762441
3.413509 4.112360 -4.794646 0.778486 0.773108
3.525443 4.223484 -4.823275 0.749639 0.777994
3.165353 4.166685 -4.836721 0.800716 0.756320
3.306186 3.996943 -4.749432 0.807451 0.766325
3.525443 4.223484 -4.823275 0.358300 0.729243
3.413509 4.112360 -4.794646 0.359429 0.759269
3.563695 3.946291 -4.674782 0.348170 0.760437
3.677416 4.045829 -4.696571 0.346574 0.731710
3.306186 3.996943 -4.749432 0.359423 0.789698
3.452857 3.847950 -4.642416 0.349045 0.788984
3.460854 4.507054 -4.953047 0.717910 0.772052
3.086762 4.070028 -4.762240 0.823806 0.745831
3.223060 3.895991 -4.670621 0.831700 0.755129
3.223060 3.895991 -4.670621 0.356739 0.816145
3.374135 3.758325 -4.578784 0.347177 0.812956
3.771122 4.120293 -4.722199 0.345726 0.708623
3.617048 4.307374 -4.853977 0.357818 0.705211
3.617048 4.307374 -4.853977 0.726957 0.783646
3.356275 3.670844 -4.462060 0.286083 0.620862
3.178572 3.821222 -4.542246 0.273478 0.608329
3.177831 3.754740 -4.329665 0.277491 0.580202
3.401232 3.583993 -4.302395 0.291800 0.606017
3.017421 4.032428 -4.662330 0.837831 0.727722
2.946591 4.047824 -4.531717 0.844940 0.700792
3.177831 3.754740 -4.329665 0.858278 0.709167
3.178572 3.821222 -4.542246 0.847970 0.737294
2.855400 4.119752 -4.384622 0.259655 0.536554
3.054957 3.859047 -4.168342 0.274795 0.537852
2.946591 4.047824 -4.531717 0.261047 0.571827
3.281078 3.666802 -3.946634 0.294128 0.535283
3.386528 3.579064 -4.069976 0.296910 0.569150
3.516451 3.498284 -4.128564 0.303674 0.594347
3.356275 3.670844 -4.462060 0.340485 0.829675
3.178572 3.821222 -4.542246 0.350028 0.835732
3.520957 3.600092 -4.417281 0.298824 0.631964
3.575210 3.516133 -4.285458 0.304607 0.621950
2.855400 4.119752 -4.384622 0.846847 0.665519
3.503901 3.566916 -3.766445 0.314569 0.532041
3.581803 3.499563 -3.894184 0.315540 0.562936
3.712800 3.441556 -4.050453 0.320307 0.601692
3.650385 3.459289 -4.149176 0.312963 0.610854
3.658485 3.453773 -3.989034 0.317913 0.587026
4.167078 3.618306 -2.517529 0.125000 0.416667
3.901014 3.496842 -2.373062 0.187500 0.416667
4.061456 3.310824 -2.278868 0.187500 0.456597
4.308281 3.423672 -2.413082 0.125000 0.456597
3.648743 3.295788 -2.324551 0.250000 0.416667
3.827282 3.124233 -2.233520 0.250000 0.456597
4.012902 2.941384 -2.154639 0.250000 0.486111
4.222736 3.108558 -2.195453 0.187500 0.486111
4.443827 3.209733 -2.315785 0.125000 0.486111
4.458428 2.087321 -2.358516 0.416667 0.500000
4.464067 2.160071 -2.275576 0.380498 0.500000
4.331988 2.130229 -2.269956 0.425637 0.500000
4.367763 2.052536 -2.387538 0.451485 0.500000
4.434454 2.225642 -2.191751 0.354167 0.500000
4.336248 2.234269 -2.168486 0.371721 0.500000
4.191985 2.287298 -2.187124 0.375000 0.500000
4.183342 2.155833 -2.313573 0.432292 0.500000
4.231558 2.059635 -2.461169 0.458333 0.500000
4.860500 2.490735 -2.350370 0.083333 0.500000
4.863870 2.408837 -2.424424 0.119502 0.500000
4.932564 2.503864 -2.493545 0.074363 0.500000
4.895913 2.582438 -2.376845 0.048515 0.500000
4.884479 2.352419 -2.517135 0.145833 0.500000
4.927411 2.400742 -2.595891 0.128279 0.500000
4.931821 2.495203 -2.721848 0.125000 0.500000
4.940530 2.626553 -2.595396 0.067708 0.500000
4.892429 2.722606 -2.447845 0.041667 0.500000
4.503411 2.307292 -2.163800 0.296200 0.500000
4.391088 2.351372 -2.102055 0.310378 0.500000
4.542286 2.401092 -2.120290 0.250000 0.500000
4.477913 2.464699 -2.074622 0.250000 0.500000
4.369389 2.575389 -2.069717 0.250000 0.500000
4.257845 2.434605 -2.101935 0.312500 0.500000
4.754599 2.206851 -2.839296 0.250000 0.500000
4.613441 2.094353 -2.812151 0.312500 0.500000
4.508671 2.146418 -3.022985 0.312500 0.500000
4.684473 2.286519 -3.056783 0.250000 0.500000
4.464568 2.026391 -2.731315 0.375000 0.500000
4.323246 2.061774 -2.922327 0.375000 0.500000
4.154371 2.125905 -3.136538 0.375000 0.500000
4.375500 2.226805 -3.256434 0.312500 0.500000
4.585125 2.393806 -3.296680 0.250000 0.500000
4.915997 2.809214 -2.753084 0.066840 0.500000
4.856107 2.928942 -2.569429 0.038194 0.499711
4.905159 2.645619 -2.910546 0.125000 0.500000
4.848064 2.821844 -3.122555 0.125000 0.500000
4.860934 3.016869 -2.934885 0.062500 0.500000
4.789524 3.159641 -2.715975 0.000000 0.500000
3.972753 2.223510 -2.402138 0.433160 0.498553
4.032972 2.103366 -2.585920 0.461806 0.499711
3.983420 2.387445 -2.244680 0.375000 0.498264
3.749097 2.514370 -2.328825 0.375000 0.486111
3.736425 2.318888 -2.516517 0.436632 0.487269
3.808264 2.175542 -2.735580 0.500000 0.500000
4.330723 2.014724 -2.607743 0.432292 0.500000
4.156549 2.047273 -2.768442 0.433160 0.500000
3.955608 2.108623 -2.953143 0.437500 0.500000
4.583440 3.559026 -3.000448 0.000000 0.416667
4.406267 3.639167 -2.738388 0.062500 0.416667
4.530083 3.442789 -2.617693 0.062500 0.456887
4.694337 3.368101 -2.860329 0.000000 0.458333
4.642465 3.226737 -2.498905 0.063368 0.487269
4.338570 2.637464 -3.698745 0.250000 0.416667
4.466615 2.513151 -3.508362 0.250000 0.458333
4.232405 2.326697 -3.463528 0.312500 0.458333
4.085859 2.436454 -3.650538 0.312500 0.416667
3.985282 2.214037 -3.329875 0.375000 0.458333
3.819121 2.314986 -3.506721 0.375000 0.416667
4.718760 2.510898 -2.185991 0.145833 0.500000
4.786116 2.483195 -2.269051 0.119502 0.500000
4.815770 2.615587 -2.260179 0.074363 0.500000
4.709735 2.608950 -2.160952 0.128279 0.500000
4.793330 2.767555 -2.301400 0.067708 0.500000
4.659511 2.755963 -2.177909 0.125000 0.500000
4.824525 2.261616 -2.536200 0.203800 0.500000
4.873466 2.282719 -2.661447 0.189622 0.500000
4.776646 2.176969 -2.588596 0.250000 0.500000
4.785763 2.170275 -2.689761 0.250000 0.500000
4.866032 2.347786 -2.807034 0.187500 0.500000
4.691129 2.127774 -2.538903 0.296200 0.500000
4.673086 2.081671 -2.665507 0.310378 0.500000
4.600172 2.067163 -2.522895 0.354167 0.500000
4.553955 2.026040 -2.603458 0.371721 0.500000
4.636808 2.441134 -2.161097 0.203800 0.500000
4.591490 2.552408 -2.098017 0.189622 0.500000
4.510617 2.687930 -2.096991 0.187500 0.500000
4.541821 2.085713 -2.430949 0.380498 0.500000
4.448806 2.018492 -2.503345 0.425637 0.500000
4.732731 2.985152 -2.387275 0.066840 0.498553
4.566095 2.970854 -2.233620 0.125000 0.498264
4.191985 2.287298 -2.187124 0.375000 0.500000
4.257845 2.434605 -2.101935 0.312500 0.500000
4.065537 2.570697 -2.138584 0.312500 0.498264
3.983420 2.387445 -2.244680 0.375000 0.498264
4.369389 2.575389 -2.069717 0.250000 0.500000
4.204636 2.745789 -2.098536 0.250000 0.498264
4.012902 2.941384 -2.154639 0.250000 0.486111
3.847025 2.732755 -2.202352 0.312500 0.486111
3.749097 2.514370 -2.328825 0.375000 0.486111
3.449602 3.043924 -2.382208 0.312500 0.416667
3.642270 2.891038 -2.286870 0.312500 0.456597
3.332017 2.780457 -2.534448 0.375000 0.416667
3.533041 2.647003 -2.428077 0.375000 0.456597
3.749097 2.514370 -2.328825 0.375000 0.486111
3.847025 2.732755 -2.202352 0.312500 0.486111
4.774130 3.208764 -3.104915 0.062500 0.458333
4.669558 3.387376 -3.264418 0.062500 0.416667
4.789524 3.159641 -2.715975 0.000000 0.500000
4.759884 2.991003 -3.314408 0.125000 0.458333
4.654364 3.152593 -3.490235 0.125000 0.416667
4.651150 2.746686 -3.455200 0.187500 0.458333
4.537395 2.889206 -3.641690 0.187500 0.416667
4.750493 2.603001 -3.248886 0.187500 0.500000
4.510617 2.687930 -2.096991 0.187500 0.500000
4.380630 2.886007 -2.132713 0.187500 0.498264
4.222736 3.108558 -2.195453 0.187500 0.486111
3.763263 2.194716 -3.125211 0.437500 0.458333
3.579624 2.294109 -3.286186 0.437500 0.416667
3.808264 2.175542 -2.735580 0.500000 0.500000
3.598818 2.269269 -2.882290 0.500000 0.458333
3.402442 2.374192 -3.024266 0.500000 0.416667
3.316458 2.545733 -2.760455 0.437500 0.416667
3.518779 2.428950 -2.637663 0.437500 0.456887
3.808264 2.175542 -2.735580 0.500000 0.500000
3.736425 2.318888 -2.516517 0.436632 0.487269
4.863870 2.408837 -2.424424 0.119502 0.500000
4.675447 2.272784 -2.338670 0.250000 0.500000
4.860500 2.490735 -2.350370 0.083333 0.500000
4.786116 2.483195 -2.269051 0.119502 0.500000
4.675447 2.272784 -2.338670 0.250000 0.500000
4.863870 2.408837 -2.424424 0.119502 0.500000
4.718760 2.510898 -2.185991 0.145833 0.500000
4.636808 2.441134 -2.161097 0.203800 0.500000
4.503411 2.307292 -2.163800 0.296200 0.500000
4.675447 2.272784 -2.338670 0.250000 0.500000
4.675447 2.272784 -2.338670 0.250000 0.500000
4.458428 2.087321 -2.358516 0.416667 0.500000
4.541821 2.085713 -2.430949 0.380498 0.500000
4.675447 2.272784 -2.338670 0.250000 0.500000
4.464067 2.160071 -2.275576 0.380498 0.500000
4.675447 2.272784 -2.338670 0.250000 0.500000
4.541821 2.085713 -2.430949 0.380498 0.500000
4.691129 2.127774 -2.538903 0.296200 0.500000
4.823239 2.462030 -3.016618 0.187500 0.500000
Indices:
0 1 2
0 2 3
1 4 5
1 5 2
3 2 6
3 6 7
2 5 8
2 8 6
9 10 0
9 0 11
10 12 1
10 1 0
12 13 4
12 4 1
13 14 15
13 15 4
4 15 16
4 16 5
5 16 17
5 17 8
8 17 18
8 18 19
6 8 19
6 19 20
7 6 20
7 20 21
22 7 21
22 21 23
24 3 7
24 7 22
11 0 3
11 3 24
25 26 27
25 27 28
26 29 30
26 30 27
28 27 31
28 31 32
27 30 33
27 33 31
34 35 25
34 25 36
35 37 26
35 26 25
37 38 29
37 29 26
38 39 40
38 40 29
29 40 41
29 41 30
30 41 42
30 42 33
33 42 43
33 43 44
31 33 44
31 44 45
32 31 45
32 45 46
47 32 46
47 46 48
49 28 32
49 32 47
36 25 28
36 28 49
50 51 52
50 52 53
54 55 56
54 56 57
53 52 58
53 58 59
57 56 60
57 60 61
62 63 50
62 50 64
63 65 51
63 51 50
66 67 55
66 55 54
67 34 36
67 36 55
55 36 49
55 49 56
56 49 47
56 47 60
60 47 48
60 48 68
61 60 68
61 68 69
59 58 70
59 70 71
72 59 71
72 71 73
74 53 59
74 59 72
64 50 53
64 53 74
75 76 77
75 77 78
79 80 81
79 81 82
78 77 83
78 83 84
82 81 85
82 85 86
14 87 75
14 75 15
87 88 76
87 76 75
89 90 80
89 80 79
90 62 64
90 64 80
80 64 74
80 74 81
81 74 72
81 72 85
85 72 73
85 73 91
86 85 91
86 91 92
84 83 93
84 93 94
17 84 94
17 94 18
16 78 84
16 84 17
15 75 78
15 78 16
95 96 97
95 97 98
99 100 97
99 97 96
101 102 97
101 97 100
103 104 97
103 97 102
105 106 107
105 107 108
73 71 109
73 109 91
110 111 96
110 96 95
91 109 112
91 112 92
113 114 99
113 99 115
114 116 100
114 100 99
115 99 96
115 96 111
117 118 101
117 101 119
118 120 102
118 102 101
119 101 100
119 100 116
23 21 121
23 121 122
21 20 108
21 108 121
123 103 102
123 102 120
18 94 105
18 105 19
94 93 106
94 106 105
19 105 108
19 108 20
124 125 126
124 126 127
125 128 129
125 129 126
127 126 130
127 130 131
126 129 132
126 132 130
9 11 124
9 124 133
11 24 125
11 125 124
24 22 128
24 128 125
22 23 134
22 134 128
128 134 135
128 135 129
129 135 136
129 136 132
132 136 137
132 137 138
130 132 138
130 138 139
131 130 139
131 139 140
141 131 140
141 140 142
143 127 131
143 131 141
133 124 127
133 127 143
144 145 146
144 146 147
145 148 149
145 149 146
147 146 150
147 150 151
146 149 152
146 152 150
153 154 144
153 144 155
154 156 145
154 145 144
156 157 148
156 148 145
157 158 159
157 159 148
148 159 160
148 160 149
149 160 161
149 161 152
152 161 43
152 43 42
150 152 42
150 42 41
151 150 41
151 41 40
162 151 40
162 40 39
163 147 151
163 151 162
155 144 147
155 147 163
164 165 166
164 166 167
165 168 169
165 169 166
170 171 172
170 172 173
171 174 175
171 175 172
176 177 164
176 164 178
177 179 165
177 165 164
179 180 168
179 168 165
180 181 182
180 182 168
168 182 183
168 183 169
174 184 185
174 185 175
175 185 158
175 158 157
172 175 157
172 157 156
173 172 156
173 156 154
186 173 154
186 154 153
187 170 173
187 173 186
178 164 167
178 167 188
189 190 191
189 191 192
190 193 194
190 194 191
195 196 197
195 197 198
196 199 200
196 200 197
142 140 189
142 189 201
140 139 190
140 190 189
139 138 193
139 193 190
138 137 202
138 202 193
193 202 203
193 203 194
199 204 205
199 205 200
200 205 181
200 181 180
197 200 180
197 180 179
198 197 179
198 179 177
206 198 177
206 177 176
207 195 198
207 198 206
201 189 192
201 192 208
209 210 211
209 211 212
213 214 215
213 215 216
217 218 211
217 211 219
220 221 211
220 211 218
222 212 211
222 211 221
181 205 223
181 223 182
205 204 224
205 224 223
225 209 212
225 212 226
137 136 213
137 213 202
136 135 214
136 214 213
202 213 216
202 216 203
23 122 227
23 227 134
123 120 218
123 218 217
134 227 214
134 214 135
117 228 220
117 220 118
228 229 221
228 221 220
118 220 218
118 218 120
230 231 222
230 222 232
231 226 212
231 212 222
232 222 221
232 221 229
233 234 235
233 235 236
234 237 238
234 238 235
235 238 239
235 239 240
236 235 240
236 240 241
242 243 244
242 244 245
243 246 247
243 247 244
244 247 248
244 248 249
245 244 249
245 249 250
251 252 253
251 253 254
252 255 256
252 256 253
253 256 257
253 257 258
254 253 258
254 258 259
246 260 261
246 261 247
260 262 263
260 263 261
261 263 264
261 264 265
247 261 265
247 265 248
266 267 268
266 268 269
267 270 271
267 271 268
268 271 272
268 272 273
269 268 273
269 273 274
259 258 275
259 275 276
258 257 277
258 277 275
275 277 278
275 278 279
276 275 279
276 279 280
250 249 281
250 281 282
249 248 283
249 283 281
281 283 284
281 284 285
282 281 285
282 285 286
270 287 288
270 288 271
287 250 282
287 282 288
288 282 286
288 286 289
271 288 289
271 289 272
290 291 292
290 292 293
291 233 236
291 236 292
292 236 241
292 241 294
293 292 294
293 294 280
295 296 297
295 297 298
296 274 273
296 273 297
297 273 272
297 272 299
298 297 299
298 299 300
301 302 303
301 303 304
302 251 254
302 254 303
303 254 259
303 259 305
304 303 305
304 305 306
255 307 308
255 308 256
307 309 310
307 310 308
308 310 266
308 266 311
256 308 311
256 311 257
309 312 313
309 313 310
312 314 315
312 315 313
313 315 270
313 270 267
310 313 267
310 267 266
262 316 317
262 317 263
316 301 304
316 304 317
317 304 306
317 306 318
263 317 318
263 318 264
314 319 320
314 320 315
319 242 245
319 245 320
320 245 250
320 250 287
315 320 287
315 287 270
306 305 321
306 321 322
305 259 276
305 276 321
321 276 280
321 280 294
322 321 294
322 294 241
323 324 325
323 325 326
324 327 328
324 328 325
325 328 329
325 329 330
326 325 330
326 330 331
237 332 333
237 333 238
332 334 335
332 335 333
333 335 336
333 336 337
238 333 337
238 337 239
290 293 338
290 338 339
293 340 279
293 279 338
338 279 278
338 278 341
339 338 341
339 341 342
342 341 343
342 343 344
341 278 345
341 345 343
343 345 274
343 274 296
344 343 296
344 296 295
327 346 347
327 347 328
346 306 322
346 322 347
347 322 241
347 241 348
328 347 348
328 348 329
300 299 349
300 349 350
299 272 289
299 289 349
349 289 351
349 351 352
350 349 352
350 352 353
334 354 355
334 355 335
354 353 352
354 352 355
355 352 356
355 356 357
335 355 357
335 357 336
255 358 359
255 359 307
360 361 362
360 362 363
364 365 362
364 362 361
262 366 367
262 367 316
246 243 368
246 368 260
369 370 371
369 371 372
314 312 373
314 373 374
309 307 359
309 359 375
257 311 376
257 376 277
311 266 269
311 269 376
376 269 274
376 274 345
277 376 345
277 345 278
