Material: plane_2
BaseColor: BALE_JOLO.png
Normal: None
Roughness: 0.9
Metallic: None
Alpha: 1.000000
Emissive: None
Vertices:
2.739291 3.367800 -6.053463 0.185011 0.645895
2.987419 3.129152 -5.800054 0.215061 0.650045
2.735946 3.281420 -5.337297 0.215024 0.798379
2.459680 3.551608 -5.574824 0.182905 0.804347
3.250666 2.916798 -5.541012 0.244362 0.656826
3.031804 3.043967 -5.091771 0.246271 0.795830
2.811660 3.151375 -4.692130 0.247460 0.921536
2.478313 3.419657 -4.913670 0.214167 0.936944
2.172300 3.726464 -5.122113 0.180117 0.956754
3.683038 2.674772 -5.186741 0.871741 0.259017
3.822776 2.679392 -5.179937 0.846856 0.273916
3.666229 2.820792 -4.749380 0.840821 0.144209
3.506537 2.807633 -4.746116 0.870349 0.125485
3.877543 2.773472 -5.288247 0.823967 0.295517
3.735988 2.919277 -4.870211 0.814887 0.169998
3.600297 3.045972 -4.505954 0.809152 0.059169
3.516337 2.944501 -4.372646 0.837759 0.029158
3.335683 2.922041 -4.359332 0.872228 0.006567
3.872364 2.701864 -7.887621 0.381132 0.036476
4.010154 2.555159 -7.763664 0.364396 0.033018
4.013214 2.477467 -7.871459 0.363418 0.000000
3.883365 2.619157 -7.980711 0.379119 0.005332
4.130502 2.425100 -7.610622 0.347863 0.039868
4.128560 2.357935 -7.732207 0.348213 0.005447
4.013214 2.477467 -7.871459 0.210363 0.000000
4.128560 2.357935 -7.732207 0.225562 0.005809
4.049398 2.371122 -7.586406 0.227453 0.048623
3.918106 2.498707 -7.738017 0.210860 0.042614
3.883365 2.619157 -7.980711 0.194548 0.004998
3.778295 2.647409 -7.862573 0.193797 0.045998
3.572208 2.995791 -7.967860 0.661673 0.056406
3.711885 2.866727 -7.967931 0.660456 0.026554
3.728033 2.791243 -8.045691 0.672900 0.000000
3.548659 2.974495 -8.003716 0.670280 0.049355
3.711885 2.866727 -7.967931 0.397663 0.054272
3.728033 2.791243 -8.045691 0.395454 0.026783
3.728033 2.791243 -8.045691 0.177819 0.026120
3.628612 2.818794 -7.943661 0.176718 0.062803
3.628612 2.818794 -7.943661 0.681945 0.037982
3.507789 2.959099 -7.946138 0.678148 0.065943
2.720910 3.906737 -6.553998 0.608023 0.566151
2.547024 3.897066 -6.534792 0.638253 0.591511
2.287829 4.125872 -6.058239 0.628960 0.752433
2.482990 4.142710 -6.094234 0.594411 0.721306
2.479396 3.789405 -6.428729 0.665080 0.613615
2.199181 4.007718 -5.940603 0.660784 0.778791
1.921714 4.212183 -5.459727 0.658607 0.940693
2.033881 4.339063 -5.586227 0.621598 0.910203
2.248831 4.363350 -5.640377 0.582967 0.873218
3.721150 2.608713 -7.375623 0.211335 0.157741
3.556455 2.777486 -7.542342 0.190876 0.156489
3.888857 2.457190 -7.187995 0.231691 0.165341
3.682311 2.595115 -6.643794 0.236779 0.325712
3.474269 2.773106 -6.871935 0.212237 0.316205
3.279264 2.966538 -7.086352 0.187758 0.310155
4.232368 2.215745 -7.226901 0.897918 0.829392
4.282466 2.207428 -7.277276 0.891792 0.847590
4.246819 2.242577 -6.839115 0.882702 0.741347
4.171643 2.252390 -6.865882 0.894516 0.737301
4.281653 2.249509 -7.242402 0.884126 0.835475
4.252780 2.303335 -6.896330 0.872693 0.748883
4.159612 2.429508 -6.357183 0.856040 0.603952
4.137834 2.353613 -6.276101 0.870796 0.590647
4.037794 2.360808 -6.302634 0.887308 0.583803
4.159612 2.429508 -6.357183 0.297755 0.319201
4.093597 2.578817 -6.528502 0.315564 0.304220
3.965678 2.767002 -5.982539 0.308234 0.461846
4.025561 2.599625 -5.795894 0.288680 0.479008
3.962936 2.765857 -6.750448 0.338829 0.289188
3.826646 2.977983 -6.226197 0.334094 0.445460
3.675831 3.174933 -5.741451 0.330113 0.592828
3.823549 2.948878 -5.486145 0.302652 0.609228
3.877543 2.773472 -5.288247 0.282189 0.628715
3.600060 3.132948 -7.191046 0.386158 0.270515
3.391219 3.289220 -7.354640 0.406100 0.274066
3.175543 3.554022 -6.917896 0.409502 0.425260
3.410650 3.391836 -6.732143 0.387915 0.423107
3.391219 3.289220 -7.354640 0.624352 0.244104
3.204959 3.387022 -7.446912 0.641332 0.256245
2.964091 3.647550 -7.017076 0.624835 0.407398
3.175543 3.554022 -6.917896 0.602712 0.394022
2.952341 3.813116 -6.461073 0.582748 0.548842
2.952341 3.813116 -6.461073 0.411823 0.581200
3.208625 3.639354 -6.272467 0.389049 0.576057
4.168903 2.264048 -7.409833 0.243430 0.063829
4.047282 2.329572 -7.002515 0.250365 0.176129
4.232368 2.215745 -7.226901 0.254609 0.093018
4.171643 2.252390 -6.865882 0.263449 0.185158
4.037794 2.360808 -6.302634 0.273175 0.338819
3.878269 2.449019 -6.438347 0.258384 0.334960
3.487828 2.758722 -5.320004 0.268505 0.663881
3.292502 2.882499 -4.875719 0.271185 0.798892
3.487828 2.758722 -5.320004 0.893953 0.257022
3.292502 2.882499 -4.875719 0.897236 0.121297
3.100131 2.985866 -4.485036 0.904577 0.000000
3.100131 2.985866 -4.485036 0.273175 0.919179
3.049436 3.310867 -7.381925 0.151031 0.306433
3.125104 3.157280 -7.258657 0.166241 0.308998
2.838359 3.380310 -6.772762 0.162019 0.474258
2.763914 3.550281 -6.922127 0.145027 0.467510
3.007758 3.169713 -6.570723 0.186168 0.478288
2.553933 3.600922 -6.265833 0.158749 0.643755
2.479396 3.789405 -6.428729 0.140263 0.636041
3.460433 3.416028 -6.018270 0.360380 0.580814
3.278880 3.606588 -5.602048 0.359125 0.715518
3.522600 3.334513 -5.333318 0.326702 0.719176
2.998988 3.861918 -5.842854 0.389805 0.720395
2.785681 4.069114 -5.433367 0.390379 0.858950
3.094235 3.777458 -5.219893 0.357946 0.840770
3.369371 3.470865 -4.971872 0.323588 0.832501
4.281653 2.249509 -7.242402 0.319252 0.086761
4.234487 2.310041 -7.429332 0.331440 0.056537
4.187355 2.419609 -7.053258 0.324473 0.158340
4.252780 2.303335 -6.896330 0.309473 0.173726
4.069771 2.570334 -7.248913 0.344061 0.143826
3.585068 3.045677 -7.724795 0.401775 0.142613
3.765643 2.887486 -7.601299 0.383694 0.133004
3.572208 2.995791 -7.967860 0.408287 0.083947
3.426029 3.154949 -7.790473 0.413956 0.157522
3.585068 3.045677 -7.724795 0.644124 0.113843
3.426029 3.154949 -7.790473 0.653829 0.129571
3.081239 3.393088 -7.451070 0.661116 0.271524
2.814106 3.644910 -7.011851 0.650250 0.427274
3.049436 3.310867 -7.381925 0.678616 0.283246
2.763914 3.550281 -6.922127 0.672379 0.444751
3.333940 3.168614 -7.801308 0.667203 0.140078
3.320608 3.099645 -7.751665 0.679883 0.146354
3.507789 2.959099 -7.946138 0.165058 0.090821
3.408930 2.954873 -7.669574 0.171902 0.163311
3.320608 3.099645 -7.751665 0.158225 0.170400
3.686451 2.604217 -5.853313 0.264453 0.504944
3.467319 2.758977 -6.071592 0.241171 0.496224
3.878269 2.449019 -6.438347 0.902738 0.586248
3.866122 2.515134 -5.717272 0.878410 0.416204
3.686451 2.604217 -5.853313 0.897154 0.416202
3.987053 2.512710 -5.700432 0.857720 0.427275
4.025561 2.599625 -5.795894 0.838549 0.444738
2.727298 4.049655 -6.017021 0.413158 0.732031
2.727298 4.049655 -6.017021 0.567323 0.698910
2.501869 4.271796 -5.583710 0.554737 0.845266
2.501869 4.271796 -5.583710 0.413956 0.878927
3.684134 3.096492 -5.076833 0.298197 0.732994
3.735988 2.919277 -4.870211 0.277294 0.754490
3.548101 3.221961 -4.720073 0.294299 0.842155
3.600297 3.045972 -4.505954 0.273175 0.865433
2.264944 3.806022 -5.777392 0.155524 0.807810
2.199181 4.007718 -5.940603 0.136589 0.800584
1.972664 4.001057 -5.303615 0.152222 0.967767
2.264944 3.806022 -5.777392 0.679821 0.787939
1.972664 4.001057 -5.303615 0.681945 0.949236
3.634924 3.193271 -6.489102 0.361740 0.431125
3.794844 2.954525 -6.981042 0.363065 0.276591
3.928389 2.727238 -7.437502 0.364112 0.134244
4.232452 2.255464 -7.553526 0.332744 0.022903
4.282466 2.207428 -7.277276 0.317796 0.074264
4.232452 2.255464 -7.553526 0.898170 0.898837
4.168903 2.264048 -7.409833 0.904577 0.858021
4.232452 2.255464 -7.553526 0.240857 0.023663
3.229948 2.954659 -6.325126 0.213812 0.486073
1.308715 4.735890 -3.194830 0.048383 0.323393
1.507080 4.462600 -3.671303 0.046274 0.163913
1.763028 4.211843 -3.393174 0.078398 0.170144
1.567006 4.487523 -2.961730 0.078439 0.319545
2.047944 3.984854 -3.125783 0.109663 0.173589
1.847621 4.258560 -2.737394 0.107757 0.313566
1.923960 3.949797 -3.805941 0.077529 0.030254
2.207465 3.729180 -3.484804 0.110841 0.046639
1.679869 4.197387 -4.138117 0.043478 0.010265
2.294920 4.002259 -2.412951 0.967175 0.638987
2.519272 3.751766 -2.773334 0.965782 0.772431
2.626956 3.814671 -2.672666 0.936254 0.753699
2.393448 4.046289 -2.323800 0.942291 0.624068
2.623241 3.983421 -2.646678 0.910314 0.728070
2.386861 4.199043 -2.309510 0.919397 0.602617
2.822727 3.607815 -2.986648 0.933191 0.868686
2.820931 3.791297 -2.948595 0.904577 0.838843
2.704969 3.525207 -3.099016 0.967659 0.891273
0.601754 5.829618 -1.352163 0.521913 0.842276
0.519277 5.836307 -1.258460 0.519900 0.873361
0.633200 5.709846 -1.117387 0.504199 0.878697
0.729255 5.692753 -1.207645 0.505178 0.845740
0.765002 5.574578 -1.011014 0.488995 0.873259
0.870284 5.542916 -1.095929 0.488645 0.838896
0.633200 5.709846 -1.117387 0.073746 0.973500
0.667443 5.607386 -1.242417 0.074231 0.930032
0.815544 5.463726 -1.124395 0.090828 0.924175
0.765002 5.574578 -1.011014 0.088947 0.967738
0.519277 5.836307 -1.258460 0.057933 0.968553
0.538846 5.745363 -1.389383 0.057169 0.926655
0.444097 5.987271 -1.717149 0.788880 0.892829
0.397369 5.988142 -1.706687 0.797487 0.899881
0.428289 5.946859 -1.452014 0.800107 0.949236
0.494652 5.943436 -1.539131 0.787663 0.922682
0.494652 5.943436 -1.539131 0.538444 0.824471
0.428289 5.946859 -1.452014 0.536235 0.851913
0.428289 5.946859 -1.452014 0.041209 0.947552
0.440471 5.867682 -1.572995 0.040095 0.910026
0.404303 5.927030 -1.744632 0.805356 0.883293
0.440471 5.867682 -1.572995 0.809152 0.911253
1.132429 5.425835 -3.379835 0.735231 0.383085
1.362491 5.214267 -3.855211 0.721619 0.227930
1.252302 5.116168 -3.989009 0.756168 0.196803
1.027274 5.350435 -3.497971 0.765460 0.357725
1.234993 4.929791 -4.013927 0.787991 0.170444
1.019438 5.185594 -3.511384 0.792288 0.335621
1.472673 4.875759 -4.464798 0.748805 0.039033
1.442979 4.670008 -4.503099 0.785815 0.008543
1.586081 4.997152 -4.316045 0.710175 0.076017
0.650864 5.556164 -1.736279 0.054240 0.815136
0.817946 5.385110 -1.574328 0.074700 0.813960
1.006749 5.213412 -1.428856 0.095064 0.806687
1.048620 5.092805 -2.024910 0.075602 0.654648
1.282941 4.889684 -1.849281 0.100157 0.645663
0.837207 5.301931 -2.206538 0.051120 0.660523
1.129472 5.183111 -1.026575 0.993347 0.069219
1.345402 4.955184 -1.218379 0.989949 0.161151
1.410058 4.955432 -1.170591 0.978137 0.157068
1.125838 5.226180 -0.969579 0.987222 0.051032
1.394966 5.036325 -1.185736 0.968124 0.149626
1.162516 5.232406 -1.009624 0.979554 0.063172
1.754803 4.632556 -1.514238 0.966233 0.307578
1.738928 4.744460 -1.520079 0.951472 0.294394
1.673012 4.622300 -1.577236 0.982743 0.314459
1.738928 4.744460 -1.520079 0.438536 0.559645
2.085055 4.455373 -1.918299 0.429461 0.399882
1.973369 4.672290 -2.001431 0.449016 0.417114
1.627705 4.937003 -1.601061 0.456346 0.574678
1.784878 4.930570 -2.146258 0.474876 0.433535
1.451688 5.167418 -1.732375 0.479611 0.589734
2.274058 4.430690 -2.389892 0.443434 0.269776
2.076822 4.704100 -2.546250 0.470895 0.286215
2.386861 4.199043 -2.309510 0.422970 0.250209
1.032447 5.588411 -2.060344 0.526940 0.608371
1.301433 5.408926 -2.517424 0.528696 0.455842
1.072769 5.564950 -2.716052 0.550284 0.453613
0.834233 5.734521 -2.245172 0.546881 0.604762
0.834233 5.734521 -2.245172 0.751559 0.705131
1.072769 5.564950 -2.716052 0.729920 0.555214
0.896090 5.625224 -2.884715 0.752043 0.541838
0.680274 5.801432 -2.401988 0.768539 0.692991
1.318062 5.376012 -3.195394 0.709955 0.400394
1.558916 5.217006 -2.975955 0.529830 0.302934
1.318062 5.376012 -3.195394 0.552604 0.297707
1.195699 5.056602 -1.304373 0.113749 0.796397
0.979377 5.314260 -1.036399 0.106812 0.909231
1.345402 4.955184 -1.218379 0.126847 0.788027
1.129472 5.183111 -1.026575 0.118000 0.880321
1.504239 4.719346 -1.694477 0.121778 0.637159
1.673012 4.622300 -1.577236 0.136589 0.634259
2.314265 3.818007 -2.920968 0.134605 0.171885
2.102826 4.083230 -2.552439 0.131924 0.307623
2.102826 4.083230 -2.552439 0.989378 0.641174
2.314265 3.818007 -2.920968 0.992660 0.776803
2.484788 3.574332 -3.255434 1.000000 0.898013
2.484788 3.574332 -3.255434 0.136589 0.050642
0.596712 5.656460 -2.480796 0.014416 0.665407
0.796425 5.431834 -2.990613 0.008422 0.503882
0.891682 5.241959 -2.882836 0.025392 0.496085
0.680428 5.495177 -2.373610 0.029609 0.661992
1.072228 5.020703 -2.703071 0.049535 0.491706
1.117917 4.974215 -3.396330 0.022129 0.325951
1.019438 5.185594 -3.511384 0.003669 0.334926
2.303239 4.500614 -2.896744 0.467484 0.159881
2.048321 4.783397 -3.143099 0.499907 0.163535
1.825135 4.979898 -2.750556 0.501161 0.298224
1.782948 5.024844 -3.412915 0.530587 0.158614
2.240042 4.594342 -3.513011 0.498728 0.038279
1.985960 4.833904 -3.835334 0.531161 0.020061
2.490554 4.311297 -3.215785 0.464370 0.046551
1.162516 5.232406 -1.009624 0.460034 0.792009
1.394966 5.036325 -1.185736 0.450254 0.705077
1.283168 5.196936 -1.250010 0.465255 0.720490
1.024457 5.379861 -1.014927 0.472222 0.822232
1.121834 5.389509 -1.358233 0.484843 0.735014
0.784961 5.737977 -1.645185 0.524475 0.745814
0.633190 5.868621 -1.826239 0.542557 0.736172
0.518941 5.935060 -1.981418 0.554737 0.721214
0.444097 5.987271 -1.717149 0.549069 0.794779
0.633190 5.868621 -1.826239 0.771332 0.835393
0.518941 5.935060 -1.981418 0.781036 0.819664
0.799562 5.571462 -2.986312 0.777458 0.521961
0.597591 5.768254 -2.488147 0.788323 0.677711
0.796425 5.431834 -2.990613 0.799587 0.504485
0.596712 5.656460 -2.480796 0.805824 0.665990
0.455123 5.921688 -2.048745 0.794410 0.809158
0.457559 5.837641 -2.030610 0.807090 0.802881
0.404303 5.927030 -1.744632 0.028443 0.882198
0.457559 5.837641 -2.030610 0.021608 0.802085
0.524642 5.713179 -1.906079 0.035271 0.808566
1.580888 4.563012 -2.302051 0.104559 0.474714
1.823395 4.385898 -2.130479 0.127861 0.466924
1.504239 4.719346 -1.694477 0.998164 0.312207
1.823395 4.385898 -2.130479 0.992580 0.482109
2.005428 4.294557 -1.999160 0.973845 0.481910
2.096025 4.321141 -1.921706 0.953157 0.470809
2.085055 4.455373 -1.918299 0.933980 0.453484
1.546196 5.179169 -3.656898 0.553939 0.146893
1.546196 5.179169 -3.656898 0.694530 0.250326
1.762146 4.979209 -4.105567 0.681945 0.103970
1.762146 4.979209 -4.105567 0.554737 0.000000
2.623241 3.983421 -2.646678 0.418075 0.124448
2.506536 4.222653 -2.723714 0.438979 0.146026
2.698532 4.034422 -3.022431 0.435081 0.036865
2.820931 3.791297 -2.948595 0.413956 0.013507
1.234993 4.929791 -4.013927 0.000000 0.169762
1.323604 4.706245 -3.896370 0.018905 0.161010
1.513936 4.439748 -4.386966 0.015600 0.000000
1.513936 4.439748 -4.386966 0.809152 0.000000
1.323604 4.706245 -3.896370 0.807029 0.161296
1.549909 5.187216 -2.322746 0.502522 0.447866
1.245589 5.392432 -1.887023 0.503847 0.602328
0.951536 5.574066 -1.489040 0.504893 0.744591
0.921423 5.421873 -0.937300 0.473526 0.855818
1.125838 5.226180 -0.969579 0.458577 0.804474
0.921423 5.421873 -0.937300 0.993592 0.000000
0.979377 5.314260 -1.036399 1.000000 0.040753
0.921423 5.421873 -0.937300 0.104247 0.950011
1.315716 4.785280 -2.500033 0.077185 0.484184
Indices:
0 1 2
0 2 3
1 4 5
1 5 2
2 5 6
2 6 7
3 2 7
3 7 8
9 10 11
9 11 12
10 13 14
10 14 11
11 14 15
11 15 16
12 11 16
12 16 17
18 19 20
18 20 21
19 22 23
19 23 20
24 25 26
24 26 27
28 24 27
28 27 29
30 31 32
30 32 33
34 18 21
34 21 35
36 28 29
36 29 37
33 32 38
33 38 39
40 41 42
40 42 43
41 44 45
41 45 42
42 45 46
42 46 47
43 42 47
43 47 48
29 27 49
29 49 50
27 26 51
27 51 49
49 51 52
49 52 53
50 49 53
50 53 54
55 56 57
55 57 58
56 59 60
56 60 57
57 60 61
57 61 62
58 57 62
58 62 63
64 65 66
64 66 67
65 68 69
65 69 66
66 69 70
66 70 71
67 66 71
67 71 72
73 74 75
73 75 76
77 78 79
77 79 80
80 79 40
80 40 81
76 75 82
76 82 83
26 84 85
26 85 51
84 86 87
84 87 85
85 87 88
85 88 89
51 85 89
51 89 52
4 90 91
4 91 5
92 9 12
92 12 93
93 12 17
93 17 94
5 91 95
5 95 6
96 97 98
96 98 99
97 54 100
97 100 98
98 100 0
98 0 101
99 98 101
99 101 102
70 103 104
70 104 105
103 83 106
103 106 104
104 106 107
104 107 108
105 104 108
105 108 109
110 111 112
110 112 113
111 22 114
111 114 112
112 114 68
112 68 65
113 112 65
113 65 64
18 34 115
18 115 116
34 117 118
34 118 115
119 120 78
119 78 77
116 115 74
116 74 73
78 121 122
78 122 79
121 123 124
121 124 122
122 124 44
122 44 41
79 122 41
79 41 40
30 33 125
30 125 120
33 39 126
33 126 125
125 126 123
125 123 121
120 125 121
120 121 78
127 37 128
127 128 129
37 29 50
37 50 128
128 50 54
128 54 97
129 128 97
129 97 96
52 89 130
52 130 131
132 63 133
132 133 134
134 133 9
134 9 92
131 130 90
131 90 4
63 62 135
63 135 133
62 61 136
62 136 135
135 136 13
135 13 10
133 135 10
133 10 9
83 82 137
83 137 106
81 40 43
81 43 138
138 43 48
138 48 139
106 137 140
106 140 107
72 71 141
72 141 142
71 70 105
71 105 141
141 105 109
141 109 143
142 141 143
142 143 144
102 101 145
102 145 146
101 0 3
101 3 145
145 3 8
145 8 147
45 148 149
45 149 46
83 103 150
83 150 76
103 70 69
103 69 150
150 69 68
150 68 151
76 150 151
76 151 73
73 151 152
73 152 116
151 68 114
151 114 152
152 114 22
152 22 19
116 152 19
116 19 18
22 111 153
22 153 23
111 110 154
111 154 153
155 56 55
155 55 156
25 157 84
25 84 26
54 53 158
54 158 100
53 52 131
53 131 158
158 131 4
158 4 1
100 158 1
100 1 0
159 160 161
159 161 162
162 161 163
162 163 164
161 165 166
161 166 163
160 167 165
160 165 161
168 169 170
168 170 171
171 170 172
171 172 173
170 174 175
170 175 172
169 176 174
169 174 170
177 178 179
177 179 180
180 179 181
180 181 182
183 184 185
183 185 186
187 188 184
187 184 183
189 190 191
189 191 192
193 194 178
193 178 177
195 196 188
195 188 187
190 197 198
190 198 191
199 200 201
199 201 202
202 201 203
202 203 204
201 205 206
201 206 203
200 207 205
200 205 201
188 208 209
188 209 184
184 209 210
184 210 185
209 211 212
209 212 210
208 213 211
208 211 209
214 215 216
214 216 217
217 216 218
217 218 219
216 220 221
216 221 218
215 222 220
215 220 216
223 224 225
223 225 226
226 225 227
226 227 228
225 229 230
225 230 227
224 231 229
224 229 225
232 233 234
232 234 235
236 237 238
236 238 239
237 240 199
237 199 238
233 241 242
233 242 234
185 210 243
185 243 244
244 243 245
244 245 246
243 247 248
243 248 245
210 212 247
210 247 243
164 163 249
164 249 250
251 252 169
251 169 168
252 253 176
252 176 169
163 166 254
163 254 249
255 256 257
255 257 258
258 257 259
258 259 213
257 260 159
257 159 259
256 261 260
256 260 257
230 262 263
230 263 264
264 263 265
264 265 241
263 266 267
263 267 265
262 268 266
262 266 263
269 270 271
269 271 272
272 271 273
272 273 182
271 226 228
271 228 273
270 223 226
270 226 271
177 274 275
177 275 193
193 275 276
193 276 277
278 236 239
278 239 279
274 232 235
274 235 275
239 238 280
239 280 281
281 280 282
281 282 283
280 202 204
280 204 282
238 199 202
238 202 280
189 279 284
189 284 190
190 284 285
190 285 197
284 281 283
284 283 285
279 239 281
279 281 284
286 287 288
286 288 196
196 288 208
196 208 188
288 258 213
288 213 208
287 255 258
287 258 288
212 289 290
212 290 247
291 292 293
291 293 222
292 251 168
292 168 293
289 164 250
289 250 290
222 293 294
222 294 220
220 294 295
220 295 221
294 171 173
294 173 295
293 168 171
293 171 294
241 265 296
241 296 242
240 297 200
240 200 199
297 298 207
297 207 200
265 267 299
265 299 296
231 300 301
231 301 229
229 301 262
229 262 230
301 302 268
301 268 262
300 303 302
300 302 301
261 304 305
261 305 260
260 305 160
260 160 159
305 306 167
305 167 160
203 206 307
203 307 308
241 233 309
241 309 264
264 309 227
264 227 230
309 310 228
309 228 227
233 232 310
233 310 309
232 274 311
232 311 310
310 311 273
310 273 228
311 180 182
311 182 273
274 177 180
274 180 311
182 181 312
182 312 272
272 312 313
272 313 269
314 315 214
314 214 217
186 185 244
186 244 316
213 259 317
213 317 211
211 317 289
211 289 212
317 162 164
317 164 289
259 159 162
259 162 317
