Material: plane_4
BaseColor: BALE_AGHAB.png
Normal: None
Roughness: 0.9
Metallic: None
Alpha: 1.000000
Emissive: None
Vertices:
2.620165 7.390432 -5.628351 0.498713 0.578328
2.558275 7.209345 -5.553679 0.532102 0.570662
2.685173 7.201620 -5.570841 0.525077 0.594130
2.713369 7.425853 -5.668119 0.486382 0.597915
2.558275 7.209345 -5.553679 0.544985 0.753242
2.421294 6.919038 -5.479349 0.543963 0.690692
2.564501 6.912452 -5.491861 0.566580 0.717689
2.685173 7.201620 -5.570841 0.566833 0.776699
2.648097 6.903857 -5.569591 0.598608 0.730286
2.766067 7.193554 -5.649198 0.598608 0.788808
2.766067 7.193554 -5.649198 0.518290 0.626753
2.788531 7.424459 -5.748462 0.478867 0.629475
1.492319 7.448061 -6.408435 0.947934 0.321702
1.257137 7.110143 -6.364408 0.950248 0.438854
1.231544 7.109832 -6.314345 0.934225 0.443412
1.466887 7.448333 -6.358571 0.931906 0.326114
0.991025 6.718122 -6.309968 0.952951 0.573177
0.965652 6.717972 -6.259871 0.936927 0.577654
1.231544 7.109832 -6.314345 0.430119 0.425055
0.965652 6.717972 -6.259871 0.430119 0.571236
1.017465 6.661450 -6.147264 0.415193 0.573340
1.281811 7.052180 -6.201972 0.415258 0.427754
1.466887 7.448333 -6.358571 0.429646 0.297530
1.518313 7.394797 -6.247587 0.414922 0.299056
1.947525 7.690289 -6.412603 0.534962 0.434244
2.180281 7.650297 -6.308412 0.514749 0.475385
2.044274 7.447415 -6.303881 0.516534 0.399572
1.793772 7.565218 -6.434973 0.541396 0.372456
2.479181 7.536752 -6.137387 0.484548 0.514379
2.347105 7.298312 -6.120934 0.484440 0.431282
2.153832 6.991123 -6.075149 0.483520 0.319914
1.848369 7.164521 -6.269902 0.517188 0.293122
1.601083 7.315642 -6.412981 0.543553 0.274249
1.912413 7.818259 -6.375373 0.945844 0.154984
2.225986 7.844636 -6.231072 0.946472 0.076108
2.231693 7.782172 -6.283504 0.968703 0.088244
1.924520 7.771319 -6.415523 0.963758 0.162373
2.530231 7.775406 -6.045683 0.947911 0.016862
2.537798 7.697524 -6.108336 0.974997 0.031825
2.231693 7.782172 -6.283504 0.513228 0.517532
2.537798 7.697524 -6.108336 0.482992 0.564890
2.180281 7.650297 -6.308412 0.985563 0.125961
1.947525 7.690289 -6.412603 0.976581 0.172876
2.672413 7.384152 -5.984705 0.460028 0.521855
2.567171 7.150561 -5.959549 0.458053 0.445653
2.747403 7.268751 -5.882607 0.445966 0.512439
2.698354 7.075384 -5.833591 0.440306 0.457850
2.564043 6.782524 -5.764596 0.435049 0.362584
2.399625 6.844928 -5.902033 0.455013 0.340243
2.204566 6.545873 -5.409218 0.543963 0.601333
2.352385 6.538046 -5.418831 0.566580 0.629185
1.942678 6.127967 -5.340275 0.543964 0.497124
2.089381 6.114256 -5.347630 0.566580 0.524063
2.173479 6.104648 -5.424622 0.598608 0.536651
2.436644 6.529281 -5.496145 0.598608 0.641905
1.491257 6.925768 -5.983662 0.384011 0.410537
1.729746 7.277962 -6.032866 0.384052 0.279262
1.230293 6.536784 -5.928098 0.383762 0.554987
1.512346 6.376040 -5.668919 0.345971 0.529210
1.770889 6.768323 -5.727274 0.346610 0.384559
2.007406 7.131154 -5.782555 0.347419 0.251346
1.509318 7.407755 -6.443360 0.964289 0.326577
1.273976 7.069253 -6.399134 0.966608 0.443875
1.601083 7.315642 -6.412981 0.980515 0.323162
1.364581 6.973025 -6.367366 0.982867 0.441483
1.100235 6.582295 -6.312659 0.985563 0.575153
1.008084 6.677393 -6.344661 0.969310 0.578117
1.686410 7.686894 -6.425606 0.946375 0.232316
1.660396 7.687827 -6.375787 0.930197 0.236733
1.878062 7.815748 -6.322689 0.928302 0.161866
1.660396 7.687827 -6.375787 0.426984 0.201351
1.711693 7.643712 -6.270959 0.413002 0.200776
1.711693 7.643712 -6.270959 0.915958 0.231229
1.869019 7.765366 -6.255731 0.916668 0.172019
2.530231 7.775406 -6.045683 0.430119 0.629263
2.467636 7.764622 -5.968135 0.438574 0.601591
2.647411 7.616875 -5.796129 0.456850 0.599828
2.717364 7.625423 -5.880255 0.448021 0.630495
2.467636 7.764622 -5.968135 0.358845 0.006554
2.357158 7.653445 -5.893556 0.352276 0.056967
2.538855 7.511877 -5.717825 0.326943 0.048700
2.647411 7.616875 -5.796129 0.334031 0.000000
2.538855 7.511877 -5.717825 0.481919 0.575977
2.747403 7.268751 -5.882607 0.498713 0.675544
2.793619 7.349109 -5.828477 0.486382 0.659228
2.768179 7.122239 -5.736708 0.525077 0.657551
2.698354 7.075384 -5.833591 0.532102 0.677689
2.768179 7.122239 -5.736708 0.630383 0.776699
2.648170 6.832438 -5.659050 0.630636 0.717689
2.698354 7.075384 -5.833591 0.652231 0.753242
2.564043 6.782524 -5.764596 0.653252 0.690692
2.172505 6.475166 -5.838731 0.453006 0.207507
1.917315 6.628293 -6.019868 0.482740 0.186688
2.347315 6.409359 -5.694465 0.431935 0.231348
2.085428 5.991453 -5.625522 0.430119 0.080196
1.912953 6.070557 -5.774983 0.451769 0.059856
1.658772 6.236010 -5.961513 0.482142 0.042031
2.012647 6.628042 -5.519296 0.315980 0.362781
2.239766 6.997805 -5.582599 0.317968 0.230096
1.753095 6.223433 -5.455548 0.314727 0.510405
1.942678 6.127967 -5.340275 0.296596 0.489444
2.204566 6.545873 -5.409218 0.298408 0.338336
2.421294 6.919038 -5.479349 0.301458 0.207185
2.174066 7.837282 -6.168354 0.924725 0.087615
1.878062 7.815748 -6.322689 0.415376 0.124812
1.869019 7.765366 -6.255731 0.407404 0.138794
2.080515 7.745706 -6.109052 0.384714 0.096963
2.174066 7.837282 -6.168354 0.389806 0.054888
2.467636 7.764622 -5.968135 0.921451 0.031060
2.717364 7.625423 -5.880255 0.949737 0.000000
2.725239 7.542447 -5.951647 0.979750 0.016099
2.725239 7.542447 -5.951647 0.456850 0.659291
2.725239 7.542447 -5.951647 0.458388 0.570661
2.793619 7.349109 -5.828477 0.441306 0.542009
1.703208 7.646886 -6.461335 0.962869 0.237200
1.793772 7.565218 -6.434973 0.978598 0.232124
1.927932 7.558676 -6.071401 0.383825 0.172789
2.203729 7.435426 -5.834435 0.348825 0.140006
2.436052 6.458033 -5.586019 0.630636 0.629185
2.347315 6.409359 -5.694465 0.653252 0.601333
2.173049 6.034243 -5.514818 0.630636 0.524063
2.085428 5.991453 -5.625522 0.653252 0.497124
2.410632 7.300262 -5.646749 0.321449 0.124780
2.558275 7.209345 -5.553679 0.306963 0.112081
2.620165 7.390432 -5.628351 0.314413 0.057699
1.609880 6.812327 -6.220697 0.517207 0.161858
1.364581 6.973025 -6.367366 0.543963 0.145574
1.348915 6.423343 -6.165134 0.517015 0.017415
1.100235 6.582295 -6.312659 0.543963 0.000000
2.289521 5.290867 -7.658919 0.681191 0.520362
2.212820 5.373200 -7.765485 0.692947 0.512858
2.224186 5.437851 -7.559691 0.696668 0.571251
2.311585 5.315106 -7.480393 0.680265 0.565822
2.212820 5.373200 -7.765485 0.073196 0.027291
2.060606 5.508095 -7.866129 0.083573 0.039087
2.055006 5.579450 -7.659399 0.065884 0.101715
2.224186 5.437851 -7.559691 0.053034 0.086599
2.024027 5.654662 -7.393546 0.051671 0.183187
2.212954 5.507460 -7.291167 0.035420 0.165451
2.212954 5.507460 -7.291167 0.697893 0.649643
2.304273 5.370976 -7.221049 0.679921 0.639800
2.074527 5.265133 -6.776180 0.686061 0.277841
2.196308 5.347359 -6.703011 0.722382 0.294185
2.131866 5.412531 -6.447541 0.720728 0.376909
2.001694 5.317678 -6.526353 0.681054 0.358347
2.228670 5.503184 -6.687485 0.748181 0.315478
2.169229 5.580116 -6.425951 0.749079 0.400796
2.102759 5.661935 -6.166354 0.749079 0.487060
2.059685 5.483678 -6.194145 0.718159 0.460769
1.922311 5.375827 -6.278221 0.675339 0.439905
1.879893 5.650042 -7.906951 0.097486 0.070729
1.841125 5.726318 -7.726295 0.086909 0.131680
1.743605 5.746416 -7.891492 0.108912 0.104962
1.658909 5.828291 -7.763283 0.108822 0.159276
1.555771 5.922855 -7.548570 0.108268 0.239649
1.775386 5.811373 -7.482954 0.079123 0.213230
1.699633 5.893064 -7.225677 0.073888 0.299189
1.970164 5.729493 -7.124229 0.042569 0.268467
1.459345 6.010714 -7.306355 0.106836 0.325270
1.367823 6.093559 -7.056920 0.105100 0.411436
1.618294 5.972133 -6.968389 0.070410 0.385536
1.901671 5.804563 -6.860363 0.036830 0.354294
1.275845 5.987912 -7.118856 0.832545 0.169817
1.465640 5.768074 -7.066655 0.806472 0.206667
1.380203 5.829020 -6.816956 0.805460 0.123131
1.185830 6.057363 -6.869952 0.832545 0.084915
1.465640 5.768074 -7.066655 0.806472 0.206667
1.711941 5.520778 -6.976305 0.776680 0.244369
1.630858 5.574468 -6.727131 0.774846 0.162374
1.380203 5.829020 -6.816956 0.805460 0.123131
1.380203 5.829020 -6.816956 0.805460 0.123131
1.630858 5.574468 -6.727131 0.774846 0.162374
1.549790 5.628864 -6.476983 0.773072 0.080048
1.298492 5.887708 -6.563756 0.804119 0.039444
1.185830 6.057363 -6.869952 0.832545 0.084915
1.380203 5.829020 -6.816956 0.805460 0.123131
1.298492 5.887708 -6.563756 0.804119 0.039444
1.100886 6.123209 -6.616796 0.832045 0.000000
1.487210 5.834446 -7.590175 0.830408 0.338630
1.654505 5.643923 -7.551808 0.808053 0.372742
1.557509 5.704297 -7.310637 0.807057 0.289909
1.375481 5.912586 -7.359662 0.831715 0.254580
1.869861 5.428506 -7.477712 0.782249 0.406895
1.792516 5.469776 -7.224764 0.778819 0.325810
1.711941 5.520778 -6.976305 0.776680 0.244369
1.465640 5.768074 -7.066655 0.806472 0.206667
1.275845 5.987912 -7.118856 0.832545 0.169817
2.176760 5.578708 -7.018718 0.697893 0.732851
2.274786 5.434450 -6.952513 0.679236 0.720189
2.176760 5.578708 -7.018718 0.022982 0.248762
2.122607 5.652531 -6.751950 0.014204 0.333299
2.122607 5.652531 -6.751950 0.697499 0.817478
2.228670 5.503184 -6.687485 0.678562 0.802653
1.451360 5.933090 -7.587009 0.130605 0.244786
1.340825 6.020506 -7.355528 0.132680 0.329454
1.487210 5.834446 -7.590175 0.141802 0.226447
1.375481 5.912586 -7.359662 0.145971 0.309813
1.275845 5.987912 -7.118856 0.147722 0.393858
1.242078 6.102422 -7.112475 0.132899 0.414815
1.999055 5.409920 -7.908115 0.794450 0.538786
2.149655 5.268499 -7.809716 0.776177 0.549506
2.105331 5.251752 -7.631487 0.768227 0.498867
1.940367 5.405468 -7.727247 0.787741 0.484124
2.149655 5.268499 -7.809716 0.686537 0.000000
2.236017 5.202096 -7.695822 0.698139 0.011046
2.227582 5.181300 -7.532534 0.696325 0.051835
2.105331 5.251752 -7.631487 0.677989 0.049295
2.187818 5.193078 -7.285731 0.693204 0.122340
2.050168 5.261711 -7.380218 0.671518 0.122465
2.050168 5.261711 -7.380218 0.761281 0.424741
2.284589 5.246965 -7.223630 0.720740 0.134825
2.246971 5.292658 -6.962023 0.722389 0.213501
2.135935 5.223019 -7.029150 0.689913 0.199206
2.284589 5.246965 -7.223630 0.660209 0.628667
2.246971 5.292658 -6.962023 0.656622 0.706538
2.274786 5.434450 -6.952513 0.745457 0.231856
1.711941 5.520778 -6.976305 0.776680 0.244369
1.915556 5.332615 -6.873630 0.753244 0.266435
1.837725 5.382012 -6.625316 0.750950 0.185587
1.630858 5.574468 -6.727131 0.774846 0.162374
1.915556 5.332615 -6.873630 0.659766 0.279451
2.074527 5.265133 -6.776180 0.686061 0.277841
2.001694 5.317678 -6.526353 0.681054 0.358347
1.837725 5.382012 -6.625316 0.653319 0.359707
1.837725 5.382012 -6.625316 0.653319 0.359707
2.001694 5.317678 -6.526353 0.681054 0.358347
1.922311 5.375827 -6.278221 0.675339 0.439905
1.756140 5.435059 -6.377802 0.646521 0.440668
1.630858 5.574468 -6.727131 0.774846 0.162374
1.837725 5.382012 -6.625316 0.750950 0.185587
1.756140 5.435059 -6.377802 0.749079 0.104027
1.549790 5.628864 -6.476983 0.773072 0.080048
1.986527 5.290806 -7.124091 0.756444 0.346060
1.986527 5.290806 -7.124091 0.665677 0.200430
1.915556 5.332615 -6.873630 0.659766 0.279451
1.915556 5.332615 -6.873630 0.753244 0.266435
2.058466 5.730996 -6.488215 0.697366 0.903273
2.169229 5.580116 -6.425951 0.678522 0.887033
1.827044 5.881232 -6.599412 0.032227 0.440386
2.058466 5.730996 -6.488215 0.006836 0.418970
1.749951 5.958938 -6.339802 0.028006 0.526593
1.989663 5.812269 -6.225872 0.000000 0.505259
1.989663 5.812269 -6.225872 0.697453 0.989689
2.102759 5.661935 -6.166354 0.678904 0.972459
1.872578 5.598490 -7.984055 0.111030 0.045339
1.715675 5.731493 -7.929741 0.119004 0.096918
2.040721 5.447442 -7.955802 0.102006 0.010948
1.872578 5.598490 -7.984055 0.818249 0.520269
2.040721 5.447442 -7.955802 0.801096 0.552739
1.830687 5.575080 -7.941715 0.813505 0.506109
1.830687 5.575080 -7.941715 0.123909 0.058504
1.709161 5.695961 -7.916377 0.127028 0.096528
1.709161 5.695961 -7.916377 0.826007 0.469416
1.751514 5.595766 -7.781424 0.810225 0.451206
1.608569 5.757992 -7.796403 0.828730 0.417483
1.533281 6.051485 -6.714445 0.067785 0.471546
1.276036 6.175212 -6.809081 0.103694 0.497074
1.183527 6.256624 -6.563108 0.102543 0.582301
1.446434 6.131312 -6.462732 0.065531 0.557289
2.281226 5.227376 -7.691907 0.710638 0.010341
2.305347 5.214571 -7.478290 0.717304 0.061654
2.281226 5.227376 -7.691907 0.672219 0.506233
2.305347 5.214571 -7.478290 0.664671 0.556467
2.188933 5.310437 -7.852786 0.092878 0.000000
2.188933 5.310437 -7.852786 0.685003 0.487060
2.188933 5.310437 -7.852786 0.190773 0.590082
2.281226 5.227376 -7.691907 0.191840 0.609020
2.236017 5.202096 -7.695822 0.176697 0.605540
2.149655 5.268499 -7.809716 0.173486 0.590693
2.040721 5.447442 -7.955802 0.191840 0.571941
1.999055 5.409920 -7.908115 0.175166 0.572759
1.577474 5.838752 -7.791127 0.125711 0.164149
1.608569 5.757992 -7.796403 0.134554 0.148225
1.149156 6.180029 -6.865410 0.132553 0.499876
1.185830 6.057363 -6.869952 0.148262 0.477945
1.100886 6.123209 -6.616796 0.148262 0.561984
1.058803 6.255366 -6.616959 0.132036 0.584660
0.485733 7.015868 -4.054522 0.715849 0.963553
0.628950 6.924247 -4.118087 0.716636 0.916331
0.557235 7.031992 -4.228726 0.733220 0.911463
0.389563 7.116820 -4.122183 0.727289 0.972138
0.423723 7.139481 -4.399706 0.749079 0.899866
0.264470 7.225779 -4.277020 0.742981 0.963640
0.557235 7.031992 -4.228726 0.201277 0.494225
0.754001 6.902688 -4.375832 0.183667 0.414811
0.607434 7.009380 -4.562856 0.199958 0.399748
0.423723 7.139481 -4.399706 0.214167 0.481748
0.817650 6.792665 -4.250422 0.719013 0.840477
0.754001 6.902688 -4.375832 0.737335 0.831025
0.932375 6.357397 -4.493888 0.583504 0.209219
1.070221 6.208466 -4.665049 0.578497 0.128713
1.240350 6.265106 -4.666081 0.618170 0.110151
1.089049 6.406255 -4.490442 0.619824 0.192875
1.333928 6.378932 -4.756821 0.646521 0.086264
1.171407 6.514267 -4.574822 0.645623 0.171582
1.387067 6.126918 -4.850092 0.615602 0.026291
1.492072 6.245948 -4.946055 0.646521 0.000000
1.204403 6.062378 -4.843671 0.572782 0.047155
0.264470 7.225779 -4.277020 0.231848 0.544450
0.284547 7.214909 -4.615879 0.235229 0.454086
0.163279 7.291677 -4.476746 0.245796 0.514992
0.172013 7.250242 -4.792109 0.257166 0.427865
0.114793 7.304084 -4.636736 0.257244 0.481877
0.433224 7.094911 -4.800994 0.227450 0.372190
0.279664 7.143224 -4.998603 0.256621 0.347353
0.778229 6.869366 -4.742459 0.190860 0.313801
0.583616 6.960335 -4.995609 0.222220 0.285677
0.408190 7.015956 -5.205894 0.255197 0.261305
0.729471 6.822133 -5.192309 0.218746 0.198700
0.543219 6.882145 -5.409165 0.253465 0.174587
0.935738 6.728306 -4.930198 0.185124 0.227280
0.406276 6.819500 -5.381249 0.915958 0.380109
0.537606 6.677273 -5.574646 0.915958 0.464905
0.628098 6.548274 -5.314070 0.888871 0.426704
0.495954 6.695406 -5.128992 0.889885 0.343308
0.495954 6.695406 -5.128992 0.889885 0.343308
0.628098 6.548274 -5.314070 0.888871 0.426704
0.772245 6.395578 -5.011417 0.858282 0.387936
0.639926 6.545969 -4.834163 0.860120 0.306105
0.628098 6.548274 -5.314070 0.888871 0.426704
0.764344 6.398526 -5.496399 0.887529 0.510277
0.905461 6.245049 -5.189460 0.856505 0.470105
0.772245 6.395578 -5.011417 0.858282 0.387936
0.537606 6.677273 -5.574646 0.915958 0.464905
0.674001 6.531448 -5.763780 0.915460 0.549743
0.764344 6.398526 -5.496399 0.887529 0.510277
0.628098 6.548274 -5.314070 0.888871 0.426704
0.177545 7.086906 -4.973152 0.913836 0.211771
0.284885 6.955546 -5.180391 0.915132 0.295518
0.371017 6.838965 -4.939741 0.890476 0.260263
0.252472 6.984717 -4.750212 0.891484 0.177730
0.508625 6.697589 -4.659242 0.862264 0.224853
0.375301 6.857786 -4.491225 0.865703 0.144017
0.495954 6.695406 -5.128992 0.889885 0.343308
0.639926 6.545969 -4.834163 0.860120 0.306105
0.406276 6.819500 -5.381249 0.915958 0.380109
1.000364 6.653207 -4.405914 0.721244 0.758624
0.937442 6.763894 -4.542266 0.740350 0.746380
0.937442 6.763894 -4.542266 0.171231 0.330825
1.105994 6.624740 -4.720515 0.162457 0.245618
1.171407 6.514267 -4.574822 0.723534 0.675058
1.105994 6.624740 -4.720515 0.742988 0.660768
0.299699 7.016157 -5.275110 0.281041 0.257093
0.187911 7.141353 -5.062337 0.278959 0.342189
0.284885 6.955546 -5.180391 0.294301 0.274834
0.177545 7.086906 -4.973152 0.290128 0.358807
0.425332 6.883493 -5.480422 0.281264 0.171173
0.406276 6.819500 -5.381249 0.296055 0.190114
0.163568 7.165236 -4.240375 0.877951 0.013077
0.245666 7.026147 -4.340830 0.871210 0.067151
0.369796 6.911482 -4.163473 0.851725 0.052910
0.283963 7.052701 -4.081618 0.859704 0.002814
0.283963 7.052701 -4.081618 0.583979 0.487060
0.369796 6.911482 -4.163473 0.575432 0.437766
0.494792 6.838405 -4.070004 0.593768 0.435225
0.396637 6.961135 -4.020303 0.595581 0.476014
0.506518 6.737936 -4.295638 0.568960 0.364595
0.639266 6.673991 -4.191356 0.590646 0.364721
0.506518 6.737936 -4.295638 0.844766 0.126724
0.788222 6.511866 -4.336098 0.587355 0.287854
0.929624 6.552465 -4.329651 0.619832 0.273559
0.762734 6.702348 -4.182601 0.618183 0.352235
0.762734 6.702348 -4.182601 0.698694 0.854231
0.929624 6.552465 -4.329651 0.697893 0.775439
1.089049 6.406255 -4.490442 0.697899 0.694653
0.639926 6.545969 -4.834163 0.860120 0.306105
0.772245 6.395578 -5.011417 0.858282 0.387936
0.915645 6.263817 -4.782780 0.834421 0.365335
0.783146 6.415563 -4.610805 0.836719 0.284658
0.783146 6.415563 -4.610805 0.557208 0.207609
0.915645 6.263817 -4.782780 0.550761 0.127353
1.070221 6.208466 -4.665049 0.578497 0.128713
0.932375 6.357397 -4.493888 0.583504 0.209219
0.915645 6.263817 -4.782780 0.550761 0.127353
1.046300 6.113894 -4.959373 0.543964 0.046392
1.204403 6.062378 -4.843671 0.572782 0.047155
1.070221 6.208466 -4.665049 0.578497 0.128713
0.772245 6.395578 -5.011417 0.858282 0.387936
0.905461 6.245049 -5.189460 0.856505 0.470105
1.046300 6.113894 -4.959373 0.832545 0.446715
0.915645 6.263817 -4.782780 0.834421 0.365335
0.647115 6.571715 -4.447625 0.839923 0.205199
0.647115 6.571715 -4.447625 0.563119 0.286631
0.783146 6.415563 -4.610805 0.557208 0.207609
0.783146 6.415563 -4.610805 0.836719 0.284658
1.333928 6.378932 -4.756821 0.726511 0.589801
1.267391 6.487518 -4.907460 0.745916 0.574184
1.267391 6.487518 -4.907460 0.155093 0.159341
1.087733 6.588251 -5.122093 0.180523 0.140517
1.425673 6.351624 -5.098885 0.148262 0.072487
1.237528 6.448979 -5.315859 0.176307 0.053656
1.492072 6.245948 -4.946055 0.729940 0.503608
1.425673 6.351624 -5.098885 0.749079 0.487060
0.065611 7.309484 -4.632519 0.267332 0.489766
0.089588 7.303601 -4.421215 0.259329 0.539881
0.171015 7.235482 -4.219683 0.250267 0.571941
0.089588 7.303601 -4.421215 0.901773 0.031972
0.082944 7.246485 -4.449307 0.896987 0.045401
0.171015 7.235482 -4.219683 0.884649 0.000000
0.058839 7.274199 -4.618640 0.275345 0.489344
0.082944 7.246485 -4.449307 0.272197 0.525773
0.058839 7.274199 -4.618640 0.909481 0.081910
0.093549 7.206838 -4.769033 0.912181 0.133386
0.145711 7.131430 -4.572645 0.893676 0.099710
0.870726 6.685101 -5.390503 0.216125 0.112070
0.676608 6.748458 -5.611281 0.252064 0.088384
1.009412 6.549246 -5.589458 0.213875 0.025723
0.808180 6.615577 -5.813076 0.250917 0.002597
0.593697 6.851459 -4.058004 0.614746 0.425406
0.437374 6.990692 -4.007451 0.608081 0.476719
0.437374 6.990692 -4.007451 0.706267 0.979115
0.593697 6.851459 -4.058004 0.700559 0.927539
0.264470 7.225779 -4.277020 0.173486 0.573325
0.171015 7.235482 -4.219683 0.169595 0.593773
0.294384 7.122235 -4.067025 0.148262 0.593655
0.389563 7.116820 -4.122183 0.151758 0.571941
0.294384 7.122235 -4.067025 0.718284 1.000000
0.294384 7.122235 -4.067025 0.596556 0.497124
0.163568 7.165236 -4.240375 0.173486 0.610099
0.283963 7.052701 -4.081618 0.151498 0.610642
0.102697 7.249112 -4.844172 0.274056 0.423004
0.093549 7.206838 -4.769033 0.282877 0.437545
0.556136 6.747147 -5.680415 0.280921 0.085469
0.537606 6.677273 -5.574646 0.296596 0.105227
0.688844 6.609166 -5.877692 0.280407 0.000000
0.674001 6.531448 -5.763780 0.296596 0.020312
Indices:
0 1 2
0 2 3
4 5 6
4 6 7
7 6 8
7 8 9
3 2 10
3 10 11
12 13 14
12 14 15
13 16 17
13 17 14
18 19 20
18 20 21
22 18 21
22 21 23
24 25 26
24 26 27
25 28 29
25 29 26
26 29 30
26 30 31
27 26 31
27 31 32
33 34 35
33 35 36
34 37 38
34 38 35
39 40 28
39 28 25
36 35 41
36 41 42
28 43 44
28 44 29
43 45 46
43 46 44
44 46 47
44 47 48
29 44 48
29 48 30
5 49 50
5 50 6
49 51 52
49 52 50
50 52 53
50 53 54
6 50 54
6 54 8
23 21 55
23 55 56
21 20 57
21 57 55
55 57 58
55 58 59
56 55 59
56 59 60
12 61 62
12 62 13
61 63 64
61 64 62
62 64 65
62 65 66
13 62 66
13 66 16
33 67 68
33 68 69
67 12 15
67 15 68
70 22 23
70 23 71
69 68 72
69 72 73
74 75 76
74 76 77
78 79 80
78 80 81
76 82 0
76 0 3
77 76 3
77 3 11
83 84 85
83 85 86
84 11 10
84 10 85
87 9 8
87 8 88
89 87 88
89 88 90
30 48 91
30 91 92
48 47 93
48 93 91
91 93 94
91 94 95
92 91 95
92 95 96
60 59 97
60 97 98
59 58 99
59 99 97
97 99 100
97 100 101
98 97 101
98 101 102
33 69 103
33 103 34
104 105 106
104 106 107
107 106 79
107 79 78
34 103 108
34 108 37
37 109 110
37 110 38
77 11 84
77 84 111
112 113 45
112 45 43
40 112 43
40 43 28
33 36 114
33 114 67
36 42 115
36 115 114
114 115 63
114 63 61
67 114 61
67 61 12
105 71 116
105 116 106
71 23 56
71 56 116
116 56 60
116 60 117
106 116 117
106 117 79
90 88 118
90 118 119
88 8 54
88 54 118
118 54 53
118 53 120
119 118 120
119 120 121
79 117 122
79 122 80
117 60 98
117 98 122
122 98 102
122 102 123
80 122 123
80 123 124
32 31 125
32 125 126
31 30 92
31 92 125
125 92 96
125 96 127
126 125 127
126 127 128
129 130 131
129 131 132
133 134 135
133 135 136
136 135 137
136 137 138
132 131 139
132 139 140
141 142 143
141 143 144
142 145 146
142 146 143
143 146 147
143 147 148
144 143 148
144 148 149
134 150 151
134 151 135
150 152 153
150 153 151
151 153 154
151 154 155
135 151 155
135 155 137
137 155 156
137 156 157
155 154 158
155 158 156
156 158 159
156 159 160
157 156 160
157 160 161
162 163 164
162 164 165
166 167 168
166 168 169
170 171 172
170 172 173
174 175 176
174 176 177
178 179 180
178 180 181
179 182 183
179 183 180
180 183 184
180 184 185
181 180 185
181 185 186
140 139 187
140 187 188
138 137 157
138 157 189
189 157 161
189 161 190
188 187 191
188 191 192
154 193 194
154 194 158
193 195 196
193 196 194
194 196 197
194 197 198
158 194 198
158 198 159
199 200 201
199 201 202
203 204 205
203 205 206
206 205 207
206 207 208
202 201 209
202 209 182
207 210 211
207 211 212
213 140 188
213 188 214
211 215 145
211 145 142
212 211 142
212 142 141
216 217 218
216 218 219
220 221 222
220 222 223
224 225 226
224 226 227
228 229 230
228 230 231
182 209 232
182 232 183
208 207 212
208 212 233
233 212 141
233 141 234
183 232 235
183 235 184
192 191 236
192 236 237
190 161 238
190 238 239
239 238 240
239 240 241
237 236 242
237 242 243
152 150 244
152 244 245
150 134 246
150 246 244
247 248 199
247 199 249
245 244 250
245 250 251
252 249 253
252 253 254
249 199 202
249 202 253
253 202 182
253 182 179
254 253 179
254 179 178
161 160 255
161 255 238
160 159 256
160 256 255
255 256 257
255 257 258
238 255 258
238 258 240
204 259 260
204 260 205
261 129 132
261 132 262
262 132 140
262 140 213
205 260 210
205 210 207
134 133 263
134 263 246
130 129 261
130 261 264
265 266 267
265 267 268
269 265 268
269 268 270
152 245 271
152 271 153
245 251 272
245 272 271
271 272 195
271 195 193
153 271 193
153 193 154
159 198 273
159 273 256
198 197 274
198 274 273
273 274 275
273 275 276
256 273 276
256 276 257
277 278 279
277 279 280
280 279 281
280 281 282
283 284 285
283 285 286
278 287 288
278 288 279
289 290 291
289 291 292
292 291 293
292 293 294
291 295 296
291 296 293
290 297 295
290 295 291
298 286 299
298 299 300
300 299 301
300 301 302
299 303 304
299 304 301
286 285 303
286 303 299
285 305 306
285 306 303
303 306 307
303 307 304
306 308 309
306 309 307
305 310 308
305 308 306
311 312 313
311 313 314
315 316 317
315 317 318
319 320 321
319 321 322
323 324 325
323 325 326
327 328 329
327 329 330
330 329 331
330 331 332
329 333 334
329 334 331
328 335 333
328 333 329
287 336 337
287 337 288
284 338 305
284 305 285
338 339 310
338 310 305
336 340 341
336 341 337
304 307 342
304 342 343
343 342 344
343 344 345
342 346 347
342 347 344
307 309 346
307 346 342
348 349 350
348 350 351
352 353 354
352 354 355
353 356 357
353 357 354
349 332 358
349 358 350
357 359 360
357 360 361
362 363 336
362 336 287
363 364 340
363 340 336
359 289 292
359 292 360
365 366 367
365 367 368
369 370 371
369 371 372
373 374 375
373 375 376
377 378 379
377 379 380
332 331 381
332 381 358
356 382 359
356 359 357
382 383 289
382 289 359
331 334 384
331 384 381
340 385 386
340 386 341
339 387 388
339 388 310
387 389 390
387 390 388
385 391 392
385 392 386
302 393 394
302 394 300
300 394 395
300 395 298
396 397 348
396 348 398
393 399 400
393 400 394
401 402 403
401 403 397
397 403 349
397 349 348
403 330 332
403 332 349
402 327 330
402 330 403
310 388 404
310 404 308
308 404 405
308 405 309
404 406 407
404 407 405
388 390 406
388 406 404
355 354 408
355 408 409
410 411 278
410 278 277
411 362 287
411 287 278
354 357 361
354 361 408
412 413 414
412 414 415
280 416 410
280 410 277
417 352 355
417 355 409
413 418 419
413 419 414
302 301 420
302 420 393
393 420 421
393 421 399
420 343 345
420 345 421
301 304 343
301 343 420
309 405 422
309 422 346
346 422 423
346 423 347
422 424 425
422 425 423
405 407 424
405 424 422
