Material: sun_strip
BaseColor: fried_6461132.png
Normal: None
Roughness: None
Metallic: None
Alpha: 1.0
Emissive: None
Vertices:
-16.974487 7.652102 -12.262415 0.000000 0.000000
-15.529651 13.852002 -10.197844 1.000000 0.000000
-15.331893 11.697050 -3.864923 1.000000 1.000000
-16.776731 5.497149 -5.929495 0.000000 1.000000
-18.855474 5.535992 10.187867 0.000000 0.000000
-20.071583 6.009974 6.088282 1.000000 0.000000
-20.175404 10.278982 6.612650 1.000000 1.000000
-18.959297 9.805000 10.712234 0.000000 1.000000
Indices:
0 1 2
0 2 3
4 5 6
4 6 7
