Material: white
BaseColor: None
Normal: None
Roughness: None
Metallic: None
Alpha: 1.000000
Emissive: None
Vertices:
12.698133 1.162583 -0.391152 0.897268 0.159280
12.674388 1.154334 -0.388819 0.889765 0.160178
12.677037 1.150724 -0.350747 0.889949 0.171324
12.700981 1.158703 -0.350200 0.897475 0.171906
12.651615 1.143822 -0.386582 0.882642 0.161031
12.654037 1.140523 -0.351754 0.882804 0.170771
12.654395 1.130786 -0.318070 0.881147 0.180371
12.677427 1.140085 -0.313922 0.888054 0.182309
12.701404 1.147258 -0.310590 0.895330 0.184350
12.747609 1.172010 -0.396013 0.913697 0.157313
12.722619 1.168493 -0.393557 0.905219 0.158328
12.725638 1.164374 -0.350121 0.905453 0.172523
12.750772 1.167691 -0.350511 0.913963 0.173181
12.726087 1.152235 -0.308109 0.903040 0.186512
12.751242 1.154977 -0.306497 0.911261 0.188819
12.798141 1.171729 -0.400977 0.932621 0.155048
12.772864 1.173088 -0.398494 0.922795 0.156224
12.776141 1.168622 -0.351364 0.923105 0.173888
12.801498 1.167150 -0.352672 0.933001 0.174653
12.776627 1.155448 -0.305776 0.920083 0.191294
12.801995 1.153646 -0.305949 0.929612 0.193967
12.847786 1.161760 -0.405854 0.954929 0.152377
12.823195 1.167939 -0.403439 0.943294 0.153770
12.826602 1.163289 -0.354424 0.943818 0.175490
12.851209 1.157090 -0.356604 0.955811 0.176417
12.827107 1.149591 -0.307016 0.939962 0.196870
12.851717 1.143325 -0.308963 0.951244 0.200035
12.894637 1.142482 -0.410457 0.982792 0.149042
12.871675 1.153245 -0.408201 0.968083 0.150802
12.875081 1.148596 -0.359187 0.968762 0.177418
12.897995 1.137903 -0.362153 0.983289 0.178541
12.875587 1.134897 -0.311779 0.964000 0.203613
12.898492 1.124399 -0.315429 0.978263 0.207614
12.916445 1.129570 -0.412600 0.999590 0.147031
12.919722 1.125104 -0.365470 0.999590 0.179802
12.920206 1.111926 -0.319882 0.994553 0.212184
12.580420 1.089740 -0.379587 0.859318 0.163824
12.574793 1.084076 -0.379034 0.857368 0.164058
12.576138 1.082241 -0.359685 0.857459 0.168811
12.581860 1.087772 -0.358864 0.859419 0.168963
12.573084 1.081619 -0.378866 0.856640 0.164145
12.574390 1.079840 -0.360072 0.856730 0.168755
12.574584 1.074583 -0.341891 0.855932 0.173297
12.576337 1.076832 -0.340969 0.856638 0.173495
12.582074 1.081981 -0.338820 0.858529 0.174025
12.630073 1.131195 -0.384465 0.875854 0.161844
12.632244 1.128228 -0.353209 0.875997 0.170245
12.610180 1.116779 -0.382511 0.869423 0.162614
12.612086 1.114174 -0.355068 0.869548 0.169746
12.612370 1.106506 -0.328521 0.868328 0.176774
12.632567 1.119495 -0.322980 0.874564 0.178524
12.631014 1.105282 -0.294943 0.871481 0.186340
12.652665 1.114951 -0.286831 0.877569 0.189432
12.611007 1.094026 -0.303906 0.865715 0.183412
12.608059 1.077248 -0.282147 0.861898 0.189438
12.627657 1.086174 -0.270163 0.866990 0.193441
12.648925 1.093661 -0.259221 0.872365 0.197666
12.675537 1.122771 -0.279774 0.883959 0.192676
12.699368 1.128634 -0.273859 0.890690 0.196094
12.671447 1.099499 -0.249587 0.878005 0.202100
12.694971 1.103602 -0.241390 0.883946 0.206770
12.723928 1.132485 -0.269147 0.897824 0.199716
12.748980 1.134284 -0.265683 0.905435 0.203581
12.719264 1.105934 -0.234710 0.890242 0.211718
12.744093 1.106468 -0.229607 0.896955 0.216995
12.774284 1.134016 -0.263500 0.913611 0.207732
12.799596 1.131683 -0.262619 0.922461 0.212226
12.769223 1.105206 -0.226135 0.904159 0.222658
12.794409 1.102154 -0.224320 0.911939 0.228773
12.824673 1.127307 -0.263049 0.932135 0.217137
12.849270 1.120929 -0.264786 0.942861 0.222583
12.819408 1.097340 -0.224189 0.920391 0.235416
12.843980 1.090819 -0.225737 0.929604 0.242657
12.873153 1.112613 -0.267812 0.954443 0.228464
12.896092 1.102436 -0.272099 0.967435 0.235060
12.867887 1.082647 -0.228952 0.940020 0.250844
12.890905 1.072907 -0.233801 0.951668 0.259998
12.917865 1.090498 -0.277606 0.982015 0.242461
12.912804 1.061689 -0.240241 0.964971 0.270453
12.575377 1.068038 -0.323611 0.854903 0.177922
12.581044 1.072560 -0.320232 0.856656 0.178812
12.573650 1.066039 -0.325033 0.854251 0.177591
12.571631 1.054548 -0.310131 0.851776 0.181482
12.573298 1.056205 -0.308270 0.852353 0.181935
12.578819 1.059891 -0.303801 0.853897 0.183149
12.811502 1.060807 -0.191967 0.905404 0.251147
12.836035 1.054108 -0.193358 0.913230 0.260283
12.786615 1.066146 -0.192564 0.898346 0.242907
12.776532 1.025086 -0.168523 0.882293 0.254169
12.801270 1.019145 -0.167571 0.887559 0.263541
12.825755 1.012247 -0.168845 0.893301 0.273757
12.859981 1.046113 -0.196730 0.921682 0.270148
12.883112 1.036900 -0.202044 0.931162 0.281214
12.849751 1.004452 -0.172334 0.899792 0.285307
12.873029 0.995839 -0.178003 0.907051 0.298222
12.905201 1.026557 -0.209255 0.941801 0.293631
12.895363 0.986497 -0.185797 0.915342 0.312973
12.570176 1.041782 -0.295550 0.849056 0.185361
12.575476 1.044444 -0.290176 0.850334 0.186854
12.568600 1.040538 -0.297773 0.848580 0.184806
12.564676 1.024561 -0.288420 0.844805 0.187454
12.566137 1.025336 -0.285918 0.845164 0.188093
12.571150 1.026830 -0.279864 0.846126 0.189805
12.622616 1.062881 -0.249616 0.861151 0.199483
12.643306 1.067702 -0.236325 0.865592 0.204669
12.603632 1.056794 -0.264103 0.856943 0.194571
12.597903 1.033465 -0.250444 0.851111 0.198678
12.616093 1.036314 -0.234060 0.854284 0.204324
12.636038 1.038102 -0.218992 0.857633 0.210285
12.665308 1.071122 -0.224559 0.870254 0.210111
12.688365 1.073080 -0.214469 0.875165 0.215845
12.657358 1.038759 -0.205610 0.861147 0.216540
12.679816 1.038270 -0.194086 0.864849 0.223127
12.712256 1.073556 -0.206153 0.880370 0.221922
12.736753 1.072556 -0.199693 0.885923 0.228404
12.703191 1.036636 -0.184534 0.868772 0.230109
12.727256 1.033876 -0.177045 0.872955 0.237553
12.761620 1.070075 -0.195148 0.891888 0.235368
12.751782 1.030014 -0.171691 0.877444 0.245541
12.647903 1.003633 -0.193511 0.850920 0.220975
12.669644 1.000488 -0.181072 0.853263 0.228152
12.627387 1.005973 -0.207925 0.848696 0.214163
12.617696 0.972565 -0.203505 0.839193 0.216306
12.637307 0.967116 -0.188682 0.840046 0.223429
12.658249 0.961207 -0.175878 0.840945 0.230933
12.692401 0.996564 -0.170731 0.855747 0.235758
12.715953 0.991898 -0.162584 0.858397 0.243873
12.680314 0.954897 -0.165223 0.841898 0.238884
12.703290 0.948248 -0.156814 0.842914 0.247363
12.740075 0.986532 -0.156714 0.861243 0.252590
12.764534 0.980523 -0.153173 0.864325 0.262026
12.726960 0.941322 -0.150736 0.844004 0.256461
12.751092 0.934187 -0.147045 0.845182 0.266288
12.789097 0.973930 -0.151996 0.867693 0.272340
12.813520 0.966807 -0.153194 0.871428 0.283776
12.775456 0.926910 -0.145778 0.846462 0.276963
12.799815 0.919563 -0.146946 0.847857 0.288599
12.837576 0.959236 -0.156758 0.875461 0.296125
12.861031 0.951277 -0.162650 0.879986 0.309978
12.823936 0.912216 -0.150541 0.849434 0.301755
12.847589 0.904940 -0.156525 0.851199 0.316466
12.883656 0.943015 -0.170820 0.885064 0.325522
12.870541 0.897804 -0.164842 0.853214 0.333268
12.561332 1.007487 -0.279768 0.840806 0.189997
12.566003 1.007712 -0.273277 0.841416 0.191865
12.560007 1.007222 -0.282447 0.840579 0.189301
12.554778 0.989195 -0.280064 0.836078 0.190303
12.555947 0.988925 -0.277316 0.836165 0.191031
12.560236 0.987834 -0.270650 0.836399 0.192982
12.608329 1.007479 -0.224127 0.846577 0.207672
12.591087 1.008148 -0.241722 0.844570 0.201524
12.583449 0.981821 -0.238243 0.837609 0.203086
12.599631 0.977497 -0.220164 0.838379 0.209517
12.809346 0.865196 -0.153985 0.822814 0.302439
12.833209 0.858598 -0.159920 0.821693 0.316969
12.785154 0.872314 -0.150407 0.823813 0.289485
12.770108 0.826874 -0.163378 0.800190 0.284921
12.794373 0.819976 -0.166894 0.796612 0.297679
12.818453 0.814035 -0.172641 0.792612 0.311947
12.856511 0.852589 -0.168154 0.820436 0.333275
12.842113 0.809107 -0.180565 0.788043 0.328242
12.550187 0.970363 -0.278674 0.831411 0.191123
12.554068 0.967951 -0.272104 0.831259 0.193082
12.549183 0.971163 -0.281384 0.831467 0.190393
12.543442 0.953824 -0.286334 0.826925 0.189596
12.544275 0.952509 -0.283770 0.826727 0.190302
12.547736 0.948833 -0.277563 0.826196 0.192193
12.590326 0.947510 -0.222358 0.829978 0.209661
12.607328 0.939152 -0.205954 0.829452 0.216469
12.575279 0.955490 -0.240169 0.830476 0.203212
12.566896 0.930172 -0.247398 0.823447 0.201992
12.580778 0.918675 -0.230591 0.821698 0.208229
12.596689 0.907024 -0.215126 0.819852 0.214812
12.625978 0.930592 -0.191357 0.828900 0.223614
12.646059 0.921921 -0.178755 0.828318 0.231141
12.614344 0.895467 -0.201383 0.817914 0.221720
12.633548 0.884138 -0.189541 0.815873 0.228996
12.667384 0.913225 -0.168273 0.827702 0.239119
12.689745 0.904593 -0.160010 0.827044 0.247630
12.654115 0.873154 -0.179712 0.813710 0.236707
12.675845 0.862615 -0.171994 0.811404 0.244929
12.712931 0.896107 -0.154047 0.826338 0.256773
12.736712 0.887845 -0.150437 0.825574 0.266671
12.698532 0.852625 -0.166459 0.808930 0.253753
12.721956 0.843282 -0.163161 0.806257 0.263283
12.760867 0.879890 -0.149222 0.824739 0.277490
12.745893 0.834669 -0.162131 0.803354 0.273636
12.602863 0.863103 -0.218424 0.807545 0.217624
12.621197 0.849328 -0.207870 0.804127 0.224356
12.586186 0.877424 -0.230713 0.810790 0.211234
12.576220 0.851465 -0.252078 0.802554 0.206029
12.591966 0.834728 -0.241779 0.798120 0.211670
12.609478 0.818806 -0.232991 0.793450 0.217612
12.641015 0.836233 -0.199154 0.800505 0.231491
12.662122 0.823940 -0.192361 0.796640 0.239103
12.628585 0.803860 -0.225801 0.788501 0.223908
12.649099 0.790023 -0.220275 0.783223 0.230622
12.684318 0.812564 -0.187554 0.792489 0.247280
12.707388 0.802222 -0.184780 0.787994 0.256133
12.670831 0.777438 -0.216468 0.777560 0.237827
12.693563 0.766214 -0.214413 0.771443 0.245609
12.731111 0.793008 -0.184069 0.783082 0.265809
12.755256 0.785013 -0.185422 0.777636 0.276537
12.717084 0.756474 -0.214137 0.764799 0.254063
12.741159 0.748302 -0.215638 0.757557 0.263278
12.779590 0.778314 -0.188832 0.771754 0.288123
12.803885 0.772975 -0.194260 0.765157 0.301119
12.765563 0.741781 -0.218899 0.749368 0.273697
12.790059 0.736967 -0.223893 0.740211 0.285348
12.827898 0.769046 -0.201660 0.757755 0.315703
12.814410 0.733915 -0.230574 0.729753 0.298655
12.538440 0.936063 -0.292432 0.822299 0.188567
12.541487 0.931219 -0.286837 0.821409 0.190320
12.537773 0.937847 -0.294744 0.822630 0.187915
12.532393 0.923837 -0.306276 0.818739 0.185440
12.532903 0.921640 -0.304301 0.818286 0.186016
12.535556 0.915772 -0.299551 0.817072 0.187561
12.571352 0.892109 -0.244580 0.813881 0.205146
12.558619 0.906843 -0.259680 0.816809 0.199379
12.550765 0.886390 -0.276518 0.810782 0.195562
12.562408 0.868815 -0.263753 0.806779 0.200654
12.752838 0.711819 -0.255992 0.730059 0.255354
12.777518 0.707438 -0.260450 0.718990 0.264836
12.728373 0.718192 -0.252909 0.739927 0.246900
12.717376 0.695801 -0.295765 0.726451 0.226965
12.741892 0.689530 -0.298645 0.714898 0.233457
12.766732 0.685476 -0.302484 0.701979 0.240716
12.802175 0.705106 -0.266240 0.706569 0.275477
12.791651 0.683678 -0.307252 0.687223 0.249008
12.527879 0.909812 -0.318945 0.814859 0.182719
12.530175 0.903103 -0.315235 0.813367 0.183997
12.527514 0.912346 -0.320500 0.815415 0.182243
12.523317 0.903801 -0.336854 0.812767 0.178467
12.523558 0.901013 -0.335784 0.812128 0.178826
12.525548 0.893682 -0.333267 0.810415 0.179788
12.554294 0.849708 -0.287405 0.800737 0.194814
12.567178 0.830175 -0.278433 0.795551 0.199256
12.543640 0.869612 -0.297287 0.805650 0.190607
12.537513 0.857136 -0.321167 0.801542 0.184774
12.547314 0.835494 -0.314604 0.795895 0.187946
12.559402 0.814340 -0.308737 0.789935 0.191295
12.582084 0.811454 -0.270592 0.790108 0.203918
12.598846 0.793774 -0.263983 0.784374 0.208829
12.573579 0.794141 -0.303720 0.783679 0.194810
12.589701 0.775151 -0.299616 0.777090 0.198512
12.617307 0.777304 -0.258672 0.778296 0.214035
12.637286 0.762207 -0.254709 0.771812 0.219589
12.607608 0.757554 -0.296469 0.770108 0.202435
12.627126 0.741519 -0.294304 0.762663 0.206618
12.658593 0.748623 -0.252134 0.764847 0.225555
12.681022 0.736685 -0.250969 0.757307 0.232013
12.648070 0.727196 -0.293146 0.754673 0.211108
12.670236 0.714723 -0.293004 0.746044 0.215956
12.704359 0.726513 -0.251229 0.749065 0.239073
12.693413 0.704224 -0.293882 0.736670 0.221224
12.599872 0.745415 -0.337765 0.764459 0.189408
12.619020 0.728799 -0.337567 0.756343 0.192058
12.582407 0.763705 -0.338550 0.772066 0.186925
12.577230 0.759826 -0.379274 0.769286 0.174605
12.594379 0.741296 -0.380959 0.761334 0.175557
12.613268 0.724486 -0.382814 0.752854 0.176573
12.639675 0.714022 -0.337956 0.747625 0.194904
12.661631 0.701218 -0.338931 0.738187 0.197985
12.633716 0.709551 -0.384823 0.743754 0.177662
12.655523 0.696639 -0.386966 0.733926 0.178839
12.684683 0.690525 -0.340482 0.727871 0.201353
12.708601 0.682031 -0.342593 0.716432 0.205087
12.678485 0.685876 -0.389222 0.723250 0.180118
12.702374 0.677361 -0.391569 0.711612 0.181512
12.733162 0.675832 -0.345244 0.704080 0.209119
12.758127 0.671971 -0.348411 0.690224 0.213643
12.726965 0.671182 -0.393984 0.698454 0.183087
12.752020 0.667393 -0.396446 0.683740 0.184849
12.783254 0.670499 -0.352062 0.674675 0.218720
12.777296 0.666033 -0.398929 0.666934 0.186861
12.520111 0.895604 -0.354180 0.810224 0.174469
12.521857 0.887890 -0.352969 0.808356 0.175079
12.519968 0.898545 -0.354726 0.810920 0.174242
12.517592 0.896766 -0.373415 0.809918 0.169740
12.517664 0.893769 -0.373422 0.809191 0.169827
12.519237 0.885922 -0.373576 0.807240 0.170061
12.541747 0.826761 -0.344321 0.792548 0.180239
12.553197 0.804603 -0.341850 0.786057 0.182358
12.532623 0.849464 -0.347261 0.798697 0.178231
12.529153 0.846859 -0.374550 0.797134 0.171271
12.537796 0.823799 -0.375400 0.790703 0.172041
12.548795 0.801304 -0.376480 0.783914 0.172854
12.566800 0.783501 -0.339917 0.779244 0.184582
12.561984 0.779892 -0.377776 0.776790 0.173707
12.748662 0.671971 -0.444751 0.683242 0.155338
12.774021 0.670505 -0.446060 0.666934 0.154077
12.748165 0.685476 -0.491474 0.688272 0.126255
12.773535 0.683678 -0.491647 0.671976 0.121682
12.516319 0.895604 -0.392771 0.809099 0.165073
12.517797 0.887890 -0.394300 0.807140 0.164921
12.516286 0.898545 -0.392209 0.809829 0.165129
12.516092 0.903801 -0.410390 0.810626 0.160587
12.516120 0.901013 -0.411487 0.809920 0.160389
12.517583 0.893682 -0.414343 0.808029 0.159858
12.535624 0.826761 -0.406653 0.790560 0.163639
12.546373 0.804603 -0.411305 0.783752 0.163112
12.527246 0.849464 -0.401994 0.797009 0.164137
12.526962 0.857131 -0.428540 0.798230 0.157109
12.535300 0.835494 -0.436885 0.791993 0.155359
12.546015 0.814340 -0.444992 0.785410 0.153512
12.559340 0.783501 -0.415848 0.776607 0.162559
12.574383 0.763705 -0.420223 0.769079 0.161977
12.558945 0.794141 -0.452673 0.778502 0.151573
12.573960 0.775151 -0.459835 0.771225 0.149532
12.591360 0.745415 -0.424393 0.761100 0.161360
12.610105 0.728799 -0.428316 0.752588 0.160702
12.590912 0.757554 -0.466407 0.763514 0.147368
12.609635 0.741519 -0.472329 0.755291 0.145061
12.630440 0.714022 -0.431953 0.743445 0.159995
12.652165 0.701218 -0.435270 0.733546 0.159229
12.629954 0.727196 -0.477541 0.746467 0.142585
12.651669 0.714723 -0.481994 0.736937 0.139911
12.675079 0.690525 -0.438236 0.722726 0.158392
12.698951 0.682031 -0.440819 0.710730 0.157464
12.674574 0.704224 -0.485644 0.726584 0.137006
12.698444 0.695801 -0.488457 0.715299 0.133839
12.723558 0.675832 -0.442999 0.697774 0.156462
12.723053 0.689530 -0.490406 0.702540 0.130259
12.632296 0.748623 -0.519817 0.752943 0.126144
12.654068 0.736685 -0.525324 0.744091 0.121648
12.611897 0.762207 -0.513144 0.761120 0.130296
12.616782 0.790023 -0.549219 0.769603 0.116881
12.637358 0.777438 -0.557183 0.762398 0.111216
12.659255 0.766214 -0.563620 0.754617 0.105098
12.677010 0.726513 -0.529608 0.734415 0.116734
12.700891 0.718192 -0.532637 0.723688 0.111285
12.682273 0.756474 -0.568471 0.746165 0.098453
12.706181 0.748302 -0.571684 0.736951 0.091208
12.725489 0.711819 -0.534371 0.712102 0.105401
12.750565 0.707438 -0.534804 0.699107 0.098801
12.730752 0.741781 -0.573234 0.726534 0.083017
12.755752 0.736967 -0.573100 0.714885 0.073858
12.775876 0.705106 -0.533923 0.684524 0.091394
12.780936 0.733915 -0.571288 0.701580 0.063396
12.517082 0.909812 -0.428843 0.811656 0.155961
12.518612 0.903103 -0.432931 0.809903 0.155071
12.517026 0.912346 -0.427248 0.812308 0.156293
12.519045 0.923837 -0.442150 0.814783 0.152401
12.519159 0.921640 -0.444186 0.814207 0.151948
12.520838 0.915772 -0.449362 0.812662 0.150734
12.536854 0.849708 -0.464919 0.795077 0.147542
12.547746 0.830175 -0.476231 0.788988 0.144450
12.528326 0.869612 -0.453156 0.800844 0.150470
12.531274 0.886389 -0.474915 0.804661 0.144444
12.540210 0.868815 -0.489702 0.799569 0.140440
12.551485 0.851465 -0.503841 0.794194 0.136215
12.560840 0.811454 -0.486822 0.782598 0.141205
12.575996 0.793774 -0.496567 0.775867 0.137786
12.564925 0.834728 -0.517008 0.788553 0.131780
12.580393 0.818806 -0.529036 0.782612 0.127109
12.593070 0.777304 -0.505369 0.768732 0.134162
12.597735 0.803860 -0.539806 0.776317 0.122159
12.522281 0.936063 -0.456906 0.817504 0.148522
12.524181 0.931219 -0.462984 0.816225 0.147029
12.522077 0.937847 -0.454505 0.817980 0.149077
12.526000 0.953824 -0.463861 0.821756 0.146429
12.526320 0.952509 -0.466536 0.821397 0.145790
12.528506 0.948833 -0.473300 0.820434 0.144078
12.545252 0.892109 -0.510248 0.805409 0.134399
12.557104 0.877424 -0.526737 0.800968 0.129212
12.535701 0.906843 -0.492958 0.809616 0.139311
12.541430 0.930172 -0.506617 0.815450 0.135204
12.551775 0.918675 -0.525804 0.812277 0.129557
12.564372 0.907024 -0.544070 0.808929 0.123596
12.571070 0.863103 -0.542037 0.796306 0.123769
12.586999 0.849328 -0.555956 0.791396 0.118034
12.579014 0.895467 -0.560985 0.805415 0.117341
12.595547 0.884138 -0.576339 0.801714 0.110752
12.604742 0.836233 -0.568361 0.786191 0.111956
12.624124 0.823940 -0.579134 0.780638 0.105471
12.613809 0.873154 -0.589980 0.797792 0.103769
12.633620 0.862615 -0.601782 0.793609 0.096324
12.644959 0.812564 -0.588169 0.774673 0.098505
12.667048 0.802222 -0.595379 0.768216 0.090964
12.654797 0.852625 -0.611626 0.789121 0.088334
12.677132 0.843282 -0.619420 0.784274 0.079704
12.690180 0.793008 -0.600693 0.761158 0.082722
12.714126 0.785013 -0.604065 0.753332 0.073582
12.700410 0.834669 -0.625089 0.779009 0.070329
12.724405 0.826874 -0.628578 0.773269 0.060110
12.738659 0.778314 -0.605456 0.744881 0.063713
12.763545 0.772975 -0.604859 0.735402 0.052642
12.748889 0.819976 -0.629851 0.766780 0.048557
12.773628 0.814035 -0.628900 0.759524 0.035637
12.788540 0.769046 -0.602275 0.724764 0.040218
12.798377 0.809107 -0.625732 0.751237 0.020880
12.666505 0.896107 -0.626603 0.805325 0.081288
12.689130 0.887845 -0.634770 0.802246 0.071850
12.644922 0.904593 -0.616242 0.808170 0.090006
12.657587 0.948248 -0.622013 0.823654 0.086520
12.679621 0.941322 -0.632581 0.822565 0.077420
12.702573 0.934187 -0.640898 0.821390 0.067593
12.712585 0.879890 -0.640665 0.798880 0.061534
12.736639 0.872314 -0.644229 0.795148 0.050097
12.726226 0.926910 -0.646882 0.820113 0.056917
12.750346 0.919563 -0.650474 0.818721 0.045280
12.761065 0.865196 -0.645428 0.791118 0.037745
12.785626 0.858598 -0.644250 0.786597 0.023889
12.774705 0.912216 -0.651645 0.817148 0.032124
12.799069 0.904940 -0.650379 0.815389 0.017412
12.810085 0.852589 -0.640709 0.781525 0.008341
12.823202 0.897804 -0.646687 0.813381 0.000608
12.531125 0.970358 -0.472685 0.825754 0.143886
12.533654 0.967951 -0.479884 0.825144 0.142018
12.530668 0.971163 -0.469834 0.825981 0.144582
12.535900 0.989195 -0.472218 0.830483 0.143580
12.536511 0.988925 -0.475140 0.830396 0.142853
12.539422 0.987834 -0.482513 0.830162 0.140902
12.559539 0.947510 -0.535735 0.819985 0.126211
12.573023 0.939152 -0.555137 0.817867 0.119719
12.548246 0.955490 -0.515337 0.821992 0.132359
12.555884 0.981821 -0.518819 0.828952 0.130797
12.568238 0.977497 -0.539701 0.828183 0.124366
12.582716 0.972566 -0.559554 0.827370 0.117578
12.588474 0.930592 -0.573084 0.815643 0.112906
12.605720 0.921921 -0.589354 0.813301 0.105729
12.599067 0.967116 -0.577913 0.826518 0.110454
12.617117 0.961207 -0.594548 0.825620 0.102950
12.624598 0.913225 -0.603785 0.810818 0.098122
12.636686 0.954897 -0.609293 0.824669 0.094999
12.577541 1.007479 -0.537504 0.836584 0.124224
12.593081 1.005974 -0.557108 0.837111 0.117416
12.564054 1.008148 -0.516890 0.836085 0.130672
12.572436 1.033465 -0.509663 0.843114 0.131893
12.587090 1.036314 -0.529274 0.844864 0.125657
12.603721 1.038102 -0.547936 0.846711 0.119074
12.610402 1.003638 -0.575239 0.837664 0.110271
12.629305 1.000488 -0.591671 0.838247 0.102744
12.622029 1.038759 -0.565211 0.848650 0.112167
12.641816 1.038270 -0.580885 0.850691 0.104891
12.649614 0.996564 -0.606243 0.838865 0.094766
12.671131 0.991898 -0.618817 0.839524 0.086255
12.662884 1.036635 -0.594801 0.852855 0.097181
12.685031 1.033876 -0.606833 0.855163 0.088959
12.693649 0.986532 -0.629269 0.840232 0.077112
12.716950 0.980523 -0.637503 0.840998 0.067215
12.708047 1.030014 -0.616858 0.857639 0.080136
12.731707 1.025086 -0.624782 0.860314 0.070608
12.740814 0.973925 -0.643438 0.841836 0.056397
12.765005 0.966807 -0.647016 0.842766 0.044402
12.755788 1.019145 -0.630529 0.863219 0.060257
12.780052 1.012247 -0.634045 0.866386 0.048974
12.789294 0.959236 -0.648201 0.843769 0.031449
12.813448 0.951276 -0.646984 0.844896 0.016919
12.804267 1.004452 -0.635292 0.869968 0.036217
12.828203 0.995839 -0.634262 0.873972 0.021953
12.837230 0.943015 -0.643375 0.846159 0.000614
12.851628 0.986496 -0.630964 0.878547 0.005661
12.542272 1.007487 -0.473780 0.835150 0.142761
12.545589 1.007712 -0.481056 0.835302 0.140802
12.541493 1.007222 -0.470897 0.835094 0.143491
12.547235 1.024561 -0.465947 0.839636 0.144288
12.548182 1.025336 -0.468684 0.839834 0.143583
12.551920 1.026829 -0.475600 0.840364 0.141691
12.770570 1.060807 -0.608591 0.883487 0.068088
12.794906 1.054108 -0.611999 0.888935 0.057363
12.746276 1.066146 -0.603163 0.878573 0.077762
12.760101 1.102154 -0.573527 0.895119 0.088287
12.784596 1.097340 -0.578524 0.901764 0.079837
12.809000 1.090819 -0.581785 0.909008 0.070625
12.819049 1.046113 -0.613354 0.894819 0.045780
12.842772 1.036900 -0.612643 0.901419 0.032789
12.833076 1.082647 -0.583286 0.917197 0.060210
12.856598 1.072907 -0.583008 0.926355 0.048565
12.865842 1.026558 -0.609869 0.908826 0.018210
12.879331 1.061689 -0.580955 0.936815 0.035264
12.554017 1.041782 -0.460024 0.844261 0.145318
12.558170 1.044444 -0.466323 0.845151 0.143566
12.552904 1.040538 -0.457534 0.843930 0.145970
12.558283 1.054548 -0.446005 0.847821 0.148445
12.559554 1.056205 -0.448155 0.848274 0.147869
12.564100 1.059891 -0.453612 0.849488 0.146325
12.596516 1.062881 -0.515285 0.852680 0.128740
12.614224 1.067707 -0.532349 0.855772 0.122653
12.580714 1.056794 -0.497381 0.849752 0.134507
12.588568 1.077248 -0.480543 0.855778 0.138325
12.605459 1.086174 -0.496112 0.859781 0.133233
12.624190 1.093661 -0.510984 0.864006 0.127858
12.633514 1.071122 -0.548172 0.859017 0.116263
12.654167 1.073080 -0.562555 0.862436 0.109533
12.644407 1.099499 -0.524816 0.868441 0.122218
12.665886 1.103602 -0.537435 0.873111 0.116278
12.675983 1.073556 -0.575360 0.866059 0.102398
12.698755 1.072556 -0.586466 0.869925 0.094788
12.688415 1.105934 -0.548715 0.878061 0.109983
12.711776 1.106468 -0.558552 0.883338 0.103270
12.722261 1.070075 -0.595763 0.874077 0.086612
12.735750 1.105206 -0.566849 0.889002 0.096067
12.613574 1.105282 -0.472457 0.865822 0.139073
12.633232 1.114951 -0.484629 0.871008 0.134632
12.595694 1.094026 -0.459774 0.860910 0.143280
12.601822 1.106506 -0.435894 0.865016 0.149112
12.620554 1.119495 -0.445260 0.870663 0.145940
12.641008 1.130786 -0.454325 0.876623 0.142592
12.654294 1.122771 -0.496003 0.876451 0.129970
12.676517 1.128634 -0.506443 0.882185 0.125060
12.662793 1.140085 -0.462875 0.882878 0.139078
12.685663 1.147258 -0.470810 0.889466 0.135377
12.699692 1.132485 -0.515844 0.888262 0.119856
12.723590 1.134284 -0.524117 0.894746 0.114304
12.709391 1.152236 -0.478047 0.896448 0.131455
12.733751 1.154977 -0.484523 0.903892 0.127273
12.747986 1.134016 -0.531183 0.901711 0.108340
12.772642 1.131683 -0.536971 0.909250 0.101884
12.758510 1.155443 -0.490171 0.911881 0.122786
12.783428 1.153646 -0.494939 0.920509 0.117939
12.797324 1.127307 -0.541429 0.917492 0.094827
12.821788 1.120929 -0.544514 0.926629 0.087003
12.808268 1.149591 -0.498778 0.929882 0.112674
12.832787 1.143325 -0.501655 0.940099 0.106935
12.845803 1.112613 -0.546191 0.936496 0.078554
12.869139 1.102436 -0.546451 0.947565 0.069077
12.856747 1.134897 -0.503541 0.951649 0.100447
12.879925 1.124399 -0.504419 0.964565 0.093193
12.891566 1.090498 -0.545289 0.959985 0.058443
12.902090 1.111926 -0.504277 0.979317 0.084907
12.564578 1.068033 -0.433509 0.851700 0.151167
12.569481 1.072560 -0.437929 0.853193 0.149888
12.563163 1.066039 -0.431781 0.851144 0.151643
12.567359 1.074583 -0.415427 0.853792 0.155418
12.568899 1.076832 -0.416672 0.854431 0.155059
12.574108 1.081981 -0.419897 0.856143 0.154097
12.816998 1.163289 -0.452179 0.938676 0.132541
12.841558 1.157090 -0.454830 0.950111 0.128809
12.792033 1.167150 -0.449012 0.928362 0.135907
12.865478 1.148596 -0.456941 0.962460 0.124779
12.888530 1.137903 -0.458492 0.976312 0.120258
12.910487 1.125104 -0.459467 0.991856 0.115185
12.572346 1.082241 -0.398276 0.856334 0.159416
12.577799 1.087773 -0.400194 0.858203 0.158807
12.570708 1.079840 -0.397556 0.855639 0.159643
12.626121 1.128228 -0.415544 0.874009 0.153647
12.647213 1.140523 -0.421212 0.880500 0.151529
12.606709 1.114174 -0.409801 0.867861 0.155654
12.669577 1.150724 -0.426678 0.887313 0.149305
12.692957 1.158703 -0.431873 0.894489 0.146963
12.717128 1.164374 -0.436749 0.902095 0.144480
12.741856 1.167692 -0.441259 0.910210 0.141832
12.766906 1.168622 -0.445361 0.918926 0.138987
12.585597 1.092812 -0.426796 0.859884 0.151996
12.589808 1.099419 -0.404314 0.862275 0.157477
12.592797 1.101663 -0.380803 0.863578 0.163314
12.574178 1.067607 -0.465264 0.852139 0.142952
12.580317 1.082060 -0.447370 0.856446 0.147102
12.560279 1.029881 -0.490352 0.841523 0.137561
12.567411 1.049983 -0.479768 0.847091 0.139746
12.546020 0.985390 -0.498239 0.829652 0.136642
12.553057 1.008071 -0.496579 0.835632 0.136531
12.533566 0.940893 -0.487727 0.818333 0.140337
12.539438 0.962703 -0.495241 0.823815 0.137946
12.524815 0.903167 -0.460414 0.809289 0.148082
12.528629 0.920791 -0.475958 0.813439 0.143775
12.521101 0.877962 -0.420460 0.803898 0.158699
12.522276 0.888714 -0.441667 0.806083 0.153131
12.522988 0.869112 -0.373945 0.802980 0.170571
12.521345 0.871355 -0.397588 0.802868 0.164591
12.530190 0.877967 -0.327952 0.806675 0.181890
12.525978 0.871355 -0.350434 0.804283 0.176408
12.541608 0.903167 -0.289484 0.814421 0.190934
12.535469 0.888714 -0.307378 0.810113 0.186784
12.555507 0.940893 -0.264396 0.825037 0.196324
12.548375 0.920791 -0.274977 0.819470 0.194139
12.569768 0.985390 -0.256509 0.836909 0.197241
12.562729 0.962703 -0.258169 0.830929 0.197353
12.582220 1.029881 -0.267021 0.848228 0.193546
12.576348 1.008071 -0.259507 0.842746 0.195938
12.590971 1.067607 -0.294334 0.857270 0.185800
12.587156 1.049983 -0.278788 0.853121 0.190108
12.594685 1.092812 -0.334288 0.862660 0.175184
12.593510 1.082060 -0.313081 0.860475 0.180751
12.594440 1.099419 -0.357160 0.863689 0.169293
12.693817 1.165670 -1.001763 0.435994 0.159279
12.701007 1.161899 -1.042190 0.435787 0.171905
12.677244 1.153609 -1.044167 0.443314 0.171323
12.670559 1.157119 -1.006584 0.443497 0.160178
12.654401 1.143110 -1.045588 0.450458 0.170771
12.648287 1.146316 -1.011208 0.450621 0.161031
12.681644 1.143040 -1.080750 0.445208 0.182308
12.658426 1.133436 -1.079052 0.452116 0.180370
12.705742 1.150529 -1.081539 0.437933 0.184349
12.742380 1.175729 -0.991722 0.419566 0.157313
12.750366 1.171531 -1.036642 0.419299 0.173180
12.725459 1.167889 -1.039673 0.427810 0.172522
12.717835 1.171893 -0.996793 0.428044 0.158328
12.730482 1.155830 -1.081409 0.430223 0.186512
12.755629 1.158900 -1.080364 0.422002 0.188818
12.792108 1.176094 -0.981470 0.400642 0.155047
12.800588 1.171643 -1.029155 0.400261 0.174652
12.775491 1.172788 -1.033123 0.410158 0.173887
12.767218 1.177130 -0.986598 0.410468 0.156223
12.780941 1.159701 -1.078412 0.413179 0.191293
12.806172 1.158227 -1.075572 0.403651 0.193966
12.841091 1.166760 -0.971401 0.378333 0.152376
12.849736 1.162220 -1.020020 0.377452 0.176416
12.825416 1.168105 -1.024774 0.389444 0.175489
12.816813 1.172625 -0.976388 0.389968 0.153769
12.831083 1.154496 -1.071870 0.393301 0.196869
12.855432 1.148546 -1.067348 0.382018 0.200034
12.887446 1.148083 -0.961903 0.350471 0.149041
12.895926 1.143632 -1.009588 0.349973 0.178540
12.873313 1.154032 -1.014943 0.364500 0.177417
12.864710 1.158552 -0.966558 0.365179 0.150801
12.878981 1.140424 -1.062040 0.369263 0.203612
12.901510 1.130216 -1.056005 0.354999 0.207613
12.909075 1.135451 -0.957483 0.333672 0.147030
12.917348 1.131110 -1.004009 0.333672 0.179801
12.922796 1.118018 -1.049298 0.338709 0.212183
12.578935 1.091330 -1.025672 0.473945 0.163823
12.582572 1.089417 -1.046129 0.473844 0.168962
12.576867 1.083810 -1.045917 0.475804 0.168811
12.573471 1.085594 -1.026815 0.475895 0.164057
12.575122 1.081385 -1.045719 0.476533 0.168754
12.571821 1.083115 -1.027163 0.476623 0.164144
12.579104 1.078436 -1.064510 0.476625 0.173494
12.577293 1.076164 -1.063778 0.477330 0.173296
12.584968 1.083663 -1.066042 0.474733 0.174025
12.632739 1.130531 -1.046438 0.457266 0.170244
12.627254 1.133416 -1.015583 0.457409 0.161843
12.612682 1.116214 -1.046716 0.463714 0.169746
12.607866 1.118746 -1.019624 0.463840 0.162613
12.636353 1.121855 -1.076469 0.458698 0.178523
12.615857 1.108596 -1.073087 0.464935 0.176774
12.660198 1.117635 -1.110305 0.455693 0.189431
12.637943 1.107672 -1.104519 0.461781 0.186339
12.617253 1.096142 -1.097717 0.467548 0.183411
12.637461 1.088565 -1.129521 0.466273 0.193440
12.616829 1.079365 -1.119669 0.471365 0.189438
12.659661 1.096346 -1.138163 0.460898 0.197665
12.707824 1.131944 -1.118288 0.442573 0.196093
12.683583 1.125762 -1.114917 0.449304 0.192675
12.682994 1.102492 -1.145372 0.455258 0.202099
12.707193 1.106914 -1.151048 0.449317 0.206769
12.757942 1.138250 -1.121198 0.427827 0.203580
12.732692 1.136121 -1.120388 0.435438 0.199716
12.732022 1.109572 -1.155135 0.443021 0.211718
12.757241 1.110436 -1.157597 0.436308 0.216994
12.808630 1.136310 -1.118922 0.410801 0.212225
12.783338 1.138314 -1.120707 0.419652 0.207731
12.782612 1.109506 -1.158408 0.429104 0.222657
12.807885 1.106784 -1.157564 0.421323 0.228772
12.857937 1.126197 -1.111546 0.390402 0.222582
12.833578 1.132259 -1.115858 0.401127 0.217137
12.832821 1.102294 -1.155067 0.412871 0.235415
12.857177 1.096089 -1.150946 0.403658 0.242657
12.903968 1.108299 -1.099355 0.365827 0.235059
12.881475 1.118186 -1.106027 0.378819 0.228463
12.880718 1.088221 -1.145236 0.393242 0.250843
12.903224 1.078773 -1.137997 0.381594 0.259998
12.925195 1.096635 -1.091592 0.351247 0.242461
12.924468 1.067827 -1.129294 0.368291 0.270453
12.586022 1.074261 -1.084638 0.476607 0.178811
12.580091 1.069661 -1.081876 0.478359 0.177921
12.578250 1.067637 -1.080644 0.479012 0.177590
12.579791 1.057829 -1.097355 0.480910 0.181934
12.577960 1.056147 -1.095680 0.481486 0.181481
12.585703 1.061593 -1.101216 0.479366 0.183148
12.853161 1.059334 -1.183994 0.420032 0.260282
12.828825 1.065717 -1.187955 0.427858 0.251146
12.803946 1.070733 -1.189978 0.434917 0.242906
12.821762 1.023969 -1.213307 0.445703 0.263541
12.796985 1.029587 -1.214961 0.450970 0.254169
12.846065 1.017386 -1.209467 0.439961 0.273757
12.899284 1.042722 -1.170411 0.402100 0.281213
12.876722 1.051645 -1.178125 0.411580 0.270147
12.869659 1.009896 -1.203476 0.433470 0.285306
12.892323 1.001576 -1.195394 0.426211 0.298222
12.920626 1.032654 -1.160920 0.391461 0.293631
12.913834 0.992510 -1.185297 0.417921 0.312972
12.584013 1.046128 -1.115123 0.482928 0.186853
12.578213 1.043389 -1.110338 0.484207 0.185361
12.576427 1.042120 -1.108293 0.484683 0.184805
12.575425 1.026908 -1.120347 0.488099 0.188092
12.573719 1.026110 -1.118013 0.488458 0.187453
12.581027 1.028477 -1.125840 0.487137 0.189805
12.656821 1.070356 -1.161533 0.467670 0.204668
12.634912 1.065244 -1.150493 0.472112 0.199482
12.614593 1.058887 -1.138086 0.476319 0.194570
12.630409 1.038622 -1.166658 0.478979 0.204324
12.610637 1.035510 -1.152279 0.482152 0.198677
12.651804 1.040694 -1.179545 0.475630 0.210284
12.703856 1.076355 -1.178528 0.458098 0.215844
12.679893 1.074081 -1.170918 0.463008 0.210111
12.674403 1.041651 -1.190610 0.472115 0.216539
12.697953 1.041473 -1.199707 0.468414 0.223127
12.753532 1.076483 -1.188132 0.447339 0.228404
12.728480 1.077155 -1.184283 0.452892 0.221921
12.722221 1.040158 -1.206749 0.464491 0.230108
12.746975 1.037723 -1.211666 0.460307 0.237552
12.778769 1.074333 -1.190035 0.441374 0.235368
12.771977 1.034188 -1.214412 0.455818 0.245541
12.689700 1.003585 -1.213733 0.479999 0.228151
12.666733 1.006426 -1.203648 0.482342 0.220975
12.644786 1.008476 -1.191472 0.484567 0.214162
12.657181 0.969783 -1.209579 0.493217 0.223429
12.636050 0.974953 -1.196898 0.494070 0.216305
12.679428 0.964168 -1.220111 0.492317 0.230932
12.737805 0.995628 -1.227250 0.474866 0.243872
12.713469 0.999974 -1.221624 0.477516 0.235758
12.702572 0.958164 -1.228388 0.491365 0.238884
12.726391 0.951827 -1.234336 0.490349 0.247362
12.787251 0.984899 -1.231506 0.468938 0.262026
12.762479 0.990584 -1.230552 0.472019 0.252589
12.750657 0.945219 -1.237893 0.489258 0.256461
12.775134 0.938403 -1.239029 0.488080 0.266288
12.836139 0.971819 -1.226335 0.461835 0.283776
12.811885 0.978627 -1.230093 0.465569 0.272340
12.799590 0.931445 -1.237728 0.486800 0.276963
12.823785 0.924412 -1.234007 0.485405 0.288599
12.882589 0.956889 -1.211939 0.453276 0.309977
12.859782 0.964554 -1.220263 0.457801 0.296125
12.847487 0.917372 -1.227897 0.483828 0.301755
12.870472 0.910392 -1.219462 0.482064 0.316466
12.904336 0.948906 -1.201438 0.448198 0.325522
12.892513 0.903540 -1.208779 0.480048 0.333268
12.576851 1.009305 -1.132938 0.491846 0.191865
12.571527 1.009009 -1.126974 0.492456 0.189997
12.569932 1.008722 -1.124452 0.492683 0.189301
12.566672 0.990383 -1.129986 0.497098 0.191031
12.565218 0.990633 -1.127379 0.497185 0.190303
12.571652 0.989359 -1.136164 0.496864 0.192981
12.624110 1.009707 -1.177364 0.486686 0.207672
12.605107 1.010122 -1.161680 0.488693 0.201523
12.616270 0.979621 -1.182231 0.494883 0.209517
12.598223 0.983704 -1.165952 0.495654 0.203086
12.856422 0.863862 -1.217617 0.511569 0.316969
12.833232 0.870161 -1.226024 0.510449 0.302439
12.809460 0.876971 -1.232124 0.509449 0.289485
12.817575 0.824728 -1.214778 0.536650 0.297679
12.793728 0.831318 -1.220824 0.533073 0.284921
12.840994 0.819090 -1.206532 0.540650 0.311947
12.878805 0.858141 -1.206978 0.512827 0.333275
12.863751 0.814455 -1.196165 0.545219 0.328242
12.565625 0.969396 -1.135374 0.502004 0.193082
12.561045 0.971746 -1.129249 0.501852 0.191122
12.559752 0.972528 -1.126661 0.501796 0.190393
12.554864 0.953808 -1.124809 0.506536 0.190301
12.553747 0.955108 -1.122347 0.506338 0.189596
12.559006 0.950188 -1.130618 0.507067 0.192193
12.625919 0.941404 -1.195566 0.503811 0.216468
12.607180 0.949512 -1.181038 0.503285 0.209660
12.590240 0.957265 -1.164906 0.502787 0.203212
12.597196 0.920542 -1.173866 0.511565 0.208228
12.581474 0.931829 -1.158608 0.509815 0.201992
12.614796 0.909125 -1.187576 0.513411 0.214811
12.667518 0.924723 -1.218546 0.504944 0.231140
12.646111 0.933111 -1.208123 0.504363 0.223613
12.633946 0.897821 -1.199389 0.515349 0.221719
12.654437 0.886763 -1.209150 0.517390 0.228996
12.713156 0.907995 -1.232599 0.506218 0.247630
12.689939 0.916322 -1.226730 0.505561 0.239119
12.676064 0.876063 -1.216765 0.519552 0.236707
12.698622 0.865819 -1.222158 0.521858 0.244929
12.761085 0.891873 -1.237185 0.507688 0.266671
12.736949 0.899820 -1.236092 0.506924 0.256773
12.721894 0.856134 -1.225280 0.524333 0.253753
12.745655 0.847101 -1.226099 0.527005 0.263283
12.785335 0.884234 -1.235854 0.508523 0.277490
12.769678 0.838801 -1.224609 0.529909 0.273635
12.640682 0.851764 -1.192234 0.529135 0.224356
12.621161 0.865282 -1.183663 0.525718 0.217624
12.603100 0.879365 -1.173190 0.522473 0.211234
12.608240 0.836727 -1.161594 0.535143 0.211670
12.591281 0.853241 -1.153002 0.530709 0.206029
12.626786 0.821049 -1.168497 0.539813 0.217611
12.683340 0.826935 -1.203364 0.536623 0.239103
12.661476 0.838942 -1.198823 0.532758 0.231491
12.646737 0.806364 -1.173642 0.544762 0.223908
12.667898 0.792803 -1.176985 0.550039 0.230622
12.729431 0.805818 -1.206147 0.545269 0.256132
12.706064 0.815855 -1.205812 0.540774 0.247280
12.690071 0.780507 -1.178489 0.555703 0.237827
12.713038 0.769582 -1.178146 0.561819 0.245609
12.777186 0.789230 -1.200480 0.555627 0.276537
12.753216 0.796913 -1.204362 0.550181 0.265809
12.736583 0.760149 -1.175950 0.568464 0.254063
12.760473 0.752287 -1.171931 0.575706 0.263278
12.824769 0.777807 -1.186580 0.568105 0.301119
12.801113 0.782841 -1.194532 0.561508 0.288123
12.784480 0.746077 -1.166120 0.583895 0.273697
12.808376 0.741571 -1.158579 0.593051 0.285348
12.847921 0.774177 -1.176697 0.575508 0.315703
12.831927 0.738824 -1.149375 0.603510 0.298655
12.552046 0.932479 -1.122060 0.511853 0.190319
12.548365 0.937272 -1.116815 0.510964 0.188567
12.547435 0.939044 -1.114585 0.510632 0.187914
12.541799 0.922759 -1.105599 0.514977 0.186016
12.541056 0.924945 -1.103688 0.514524 0.185439
12.545013 0.916934 -1.110046 0.516191 0.187560
12.586699 0.893831 -1.160955 0.519382 0.205145
12.572256 0.908374 -1.147273 0.516453 0.199378
12.576093 0.870391 -1.142838 0.526483 0.200654
12.562943 0.887791 -1.131362 0.522480 0.195561
12.792447 0.711820 -1.123555 0.614273 0.264836
12.768317 0.715889 -1.130583 0.603203 0.255354
12.744230 0.721949 -1.136220 0.593335 0.246900
12.753239 0.693386 -1.089326 0.618365 0.233457
12.729080 0.699344 -1.094766 0.606812 0.226965
12.777588 0.689646 -1.082896 0.631284 0.240716
12.816385 0.709797 -1.115204 0.626694 0.275477
12.801888 0.688164 -1.075535 0.646040 0.249008
12.538179 0.904169 -1.095020 0.519896 0.183997
12.535418 0.910842 -1.091570 0.518403 0.182718
12.534858 0.913367 -1.090060 0.517848 0.182242
12.529465 0.901958 -1.075282 0.521135 0.178826
12.529077 0.904741 -1.074241 0.520496 0.178467
12.531805 0.894657 -1.077578 0.522847 0.179788
12.579797 0.831790 -1.127752 0.537712 0.199256
12.565785 0.851139 -1.120177 0.532526 0.194814
12.553893 0.870886 -1.111466 0.527613 0.190606
12.556170 0.836789 -1.093868 0.537367 0.187946
12.545451 0.858291 -1.088365 0.531720 0.184773
12.569083 0.815803 -1.098439 0.543328 0.191295
12.613281 0.795828 -1.138804 0.548889 0.208829
12.595687 0.813277 -1.133988 0.543155 0.203918
12.583973 0.795799 -1.101945 0.549584 0.194810
12.600683 0.777026 -1.104337 0.556172 0.198512
12.652893 0.764778 -1.143994 0.561451 0.219589
12.632412 0.779608 -1.142149 0.554967 0.214035
12.619050 0.759668 -1.105590 0.563155 0.202435
12.638896 0.743891 -1.105695 0.570600 0.206618
12.697108 0.739831 -1.143122 0.575956 0.232013
12.674528 0.751475 -1.144319 0.568416 0.225555
12.660031 0.729842 -1.104649 0.578590 0.211108
12.682249 0.717657 -1.102463 0.587219 0.215956
12.720420 0.729961 -1.140413 0.584197 0.239073
12.705341 0.707458 -1.099156 0.596593 0.221224
12.626451 0.730992 -1.063529 0.576920 0.192057
12.607173 0.747358 -1.065341 0.568804 0.189408
12.589485 0.765419 -1.066390 0.561197 0.186924
12.597222 0.743093 -1.022966 0.571929 0.175557
12.580106 0.761402 -1.026438 0.563977 0.174605
12.616030 0.726526 -1.019140 0.580409 0.176572
12.669039 0.703962 -1.057701 0.595076 0.197985
12.647142 0.716483 -1.060975 0.585638 0.194903
12.636346 0.711854 -1.014997 0.589509 0.177662
12.657974 0.699222 -1.010577 0.599337 0.178839
12.715611 0.685380 -1.049125 0.616831 0.205087
12.691938 0.693567 -1.053738 0.605392 0.201353
12.680710 0.688753 -1.005922 0.610013 0.180118
12.704329 0.680545 -1.001078 0.621652 0.181511
12.764377 0.675951 -1.038134 0.643039 0.213643
12.739836 0.679494 -1.043908 0.629183 0.209119
12.728607 0.674680 -0.996092 0.634810 0.183087
12.753312 0.671211 -0.991010 0.649524 0.184849
12.788998 0.674800 -1.031861 0.658588 0.218720
12.778203 0.670175 -0.985882 0.666330 0.186861
12.526138 0.888785 -1.058375 0.524907 0.175078
12.524174 0.896473 -1.057351 0.523039 0.174468
12.523936 0.899411 -1.056826 0.522343 0.174241
12.519741 0.894572 -1.038475 0.524072 0.169827
12.519631 0.897569 -1.038488 0.523345 0.169739
12.521390 0.886747 -1.038159 0.526023 0.170060
12.559559 0.805929 -1.066169 0.547206 0.182357
12.547625 0.827933 -1.064908 0.540715 0.180238
12.537946 0.850511 -1.062933 0.534566 0.178231
12.540465 0.824866 -1.034416 0.542560 0.172040
12.531659 0.847813 -1.036161 0.536128 0.171270
12.551582 0.802514 -1.032192 0.549349 0.172853
12.573565 0.785009 -1.066665 0.554019 0.184581
12.564841 0.781272 -1.029524 0.556473 0.173706
12.769931 0.674522 -0.939356 0.666330 0.154077
12.744833 0.675662 -0.943325 0.650021 0.155338
12.764481 0.687609 -0.894068 0.661288 0.121681
12.739248 0.689078 -0.896907 0.644991 0.126254
12.517754 0.888660 -1.017701 0.526123 0.164920
12.516345 0.896357 -1.019373 0.524164 0.165072
12.516332 0.899298 -1.019935 0.523434 0.165128
12.514108 0.901730 -1.000781 0.523342 0.160388
12.514158 0.904520 -1.001873 0.522637 0.160586
12.515357 0.894414 -0.997789 0.525234 0.159857
12.545468 0.805720 -0.997814 0.549511 0.163112
12.534979 0.827745 -1.003563 0.542703 0.163638
12.526842 0.850346 -1.009069 0.536254 0.164137
12.531363 0.836421 -0.973530 0.541270 0.155358
12.523668 0.857963 -0.982698 0.535033 0.157108
12.541442 0.815394 -0.964348 0.547853 0.153511
12.572917 0.765174 -0.986014 0.564184 0.161977
12.558161 0.784780 -0.991940 0.556656 0.162559
12.553756 0.795351 -0.955358 0.554761 0.151573
12.568182 0.776544 -0.946665 0.562038 0.149531
12.608043 0.730719 -0.974222 0.580675 0.160701
12.589600 0.747098 -0.980089 0.572163 0.161360
12.584576 0.759157 -0.938350 0.569749 0.147367
12.602781 0.743356 -0.930497 0.577972 0.145060
12.649495 0.703673 -0.962892 0.599717 0.159229
12.628074 0.716200 -0.968471 0.589818 0.159994
12.622624 0.729287 -0.923182 0.586796 0.142584
12.643910 0.717089 -0.916475 0.596326 0.139910
12.695684 0.685084 -0.952459 0.622534 0.157464
12.672108 0.693273 -0.957536 0.610537 0.158392
12.666440 0.706882 -0.910440 0.606679 0.137005
12.689991 0.698764 -0.905134 0.617964 0.133839
12.720005 0.679200 -0.947706 0.635489 0.156462
12.714337 0.692809 -0.900609 0.630724 0.130258
12.641453 0.739006 -0.873127 0.589172 0.121647
12.620226 0.750670 -0.880887 0.580320 0.126143
12.600466 0.764000 -0.889664 0.572143 0.130296
12.620954 0.779483 -0.843186 0.570865 0.111216
12.601168 0.791814 -0.853264 0.563660 0.116880
12.642197 0.768532 -0.834485 0.578646 0.105098
12.687484 0.721108 -0.860934 0.609576 0.111285
12.663947 0.729124 -0.866455 0.598848 0.116733
12.664702 0.759084 -0.827246 0.587099 0.098452
12.688244 0.751216 -0.821536 0.596313 0.091207
12.736792 0.710995 -0.853560 0.634156 0.098800
12.711844 0.715051 -0.856624 0.621161 0.105401
12.712600 0.745011 -0.817416 0.606730 0.083017
12.737535 0.740521 -0.814918 0.618378 0.073857
12.762083 0.708992 -0.851773 0.648740 0.091393
12.762809 0.737799 -0.814072 0.631683 0.063395
12.514303 0.903815 -0.979193 0.523360 0.155071
12.513124 0.910511 -0.983417 0.521607 0.155961
12.513203 0.913046 -0.985008 0.520955 0.156292
12.513422 0.922338 -0.967938 0.519056 0.151948
12.513493 0.924537 -0.969972 0.518480 0.152401
12.514622 0.916483 -0.962614 0.520601 0.150734
12.539671 0.831195 -0.933095 0.544275 0.144449
12.529775 0.850605 -0.945482 0.538186 0.147541
12.522273 0.870417 -0.958071 0.532419 0.150470
12.530256 0.869712 -0.920478 0.533694 0.140440
12.522696 0.887194 -0.936116 0.528602 0.144443
12.540208 0.852484 -0.905237 0.539069 0.136214
12.566099 0.795128 -0.909913 0.557396 0.137785
12.551823 0.812627 -0.921192 0.550665 0.141204
12.552406 0.835899 -0.890736 0.544710 0.131780
12.566730 0.820159 -0.877156 0.550651 0.127109
12.582366 0.778866 -0.899370 0.564532 0.134162
12.583036 0.805420 -0.864624 0.556947 0.122159
12.516313 0.931949 -0.948710 0.517038 0.147028
12.514999 0.936778 -0.954952 0.515759 0.148521
12.515025 0.938563 -0.957361 0.515283 0.149077
12.517787 0.953259 -0.944946 0.511866 0.145790
12.517734 0.954574 -0.947639 0.511507 0.146429
12.519299 0.949600 -0.937990 0.512829 0.144077
12.543048 0.878474 -0.881867 0.532295 0.129212
12.532804 0.893033 -0.899506 0.527854 0.134398
12.524933 0.907672 -0.917699 0.523647 0.139311
12.537308 0.919654 -0.883341 0.520986 0.129557
12.528888 0.931050 -0.903506 0.517813 0.135204
12.548065 0.908136 -0.863855 0.524334 0.123596
12.570068 0.850717 -0.849676 0.541868 0.118034
12.555512 0.864309 -0.865189 0.536957 0.123768
12.560997 0.896740 -0.845498 0.527848 0.117340
12.575970 0.885600 -0.828494 0.531550 0.110751
12.604877 0.825772 -0.822732 0.552625 0.105471
12.586578 0.837832 -0.835479 0.547073 0.111955
12.592837 0.874829 -0.813013 0.535471 0.103769
12.611434 0.864527 -0.799196 0.539654 0.096323
12.646136 0.804583 -0.802069 0.565047 0.090964
12.624795 0.814651 -0.811559 0.558590 0.098505
12.631586 0.854795 -0.787182 0.544142 0.088333
12.653097 0.845729 -0.777086 0.548989 0.079703
12.692260 0.787971 -0.788488 0.579931 0.073582
12.668698 0.795660 -0.794355 0.572106 0.082721
12.675761 0.837409 -0.769003 0.554255 0.070329
12.699356 0.829919 -0.763013 0.559994 0.060110
12.741474 0.776572 -0.782502 0.597862 0.052641
12.716596 0.781588 -0.784524 0.588382 0.063712
12.723659 0.823336 -0.759173 0.566483 0.048556
12.748436 0.817718 -0.757519 0.573739 0.035636
12.766652 0.772972 -0.782445 0.608499 0.040217
12.773443 0.813117 -0.758068 0.582027 0.020880
12.662831 0.890417 -0.760543 0.531017 0.071850
12.641085 0.898399 -0.771042 0.527938 0.081288
12.620604 0.906623 -0.783612 0.525093 0.090005
12.652908 0.943770 -0.763700 0.510698 0.077419
12.632019 0.950428 -0.776525 0.509609 0.086519
12.674950 0.936918 -0.753018 0.511873 0.067592
12.709282 0.875486 -0.746145 0.538115 0.050096
12.685639 0.882756 -0.752217 0.534384 0.061534
12.697935 0.929938 -0.744585 0.513150 0.056917
12.721638 0.922898 -0.738475 0.514542 0.045279
12.758170 0.862406 -0.740976 0.546666 0.023888
12.733537 0.868684 -0.742386 0.542146 0.037744
12.745832 0.915865 -0.734755 0.516115 0.032123
12.770288 0.908907 -0.733451 0.517874 0.017411
12.782942 0.856721 -0.741927 0.551739 0.008340
12.794765 0.902091 -0.734586 0.519883 0.000607
12.523475 0.968771 -0.930895 0.508119 0.142017
12.521686 0.971157 -0.938319 0.507509 0.143886
12.521522 0.971961 -0.941202 0.507282 0.144581
12.526541 0.989788 -0.935304 0.502867 0.142852
12.526237 0.990055 -0.938274 0.502780 0.143580
12.528674 0.988722 -0.927666 0.503101 0.140902
12.555083 0.940354 -0.851928 0.515396 0.119719
12.543607 0.948570 -0.872638 0.513278 0.126210
12.534418 0.956438 -0.894108 0.511271 0.132359
12.551448 0.978660 -0.867768 0.505080 0.124365
12.541304 0.982860 -0.889832 0.504310 0.130797
12.563821 0.973882 -0.846504 0.505893 0.117577
12.584223 0.923488 -0.814468 0.519962 0.105729
12.568672 0.931963 -0.832458 0.517620 0.112906
12.578220 0.968613 -0.826529 0.506745 0.110453
12.594496 0.962909 -0.808090 0.507643 0.102949
12.601590 0.915013 -0.798137 0.522445 0.098121
12.612487 0.956828 -0.791370 0.508595 0.094998
12.573950 1.007426 -0.847834 0.496152 0.117415
12.560538 1.008764 -0.868964 0.496679 0.124223
12.549286 1.009294 -0.890882 0.497178 0.130671
12.570521 1.037735 -0.876133 0.488399 0.125656
12.558051 1.034730 -0.897177 0.490149 0.131892
12.585073 1.039705 -0.855825 0.486552 0.119074
12.606405 1.002350 -0.809655 0.495016 0.102743
12.589295 1.005283 -0.827983 0.495599 0.110270
12.601453 1.040570 -0.836719 0.484613 0.112166
12.619486 1.040310 -0.819051 0.482572 0.104890
12.645252 0.994256 -0.778263 0.493739 0.086254
12.625119 0.998664 -0.793031 0.494398 0.094765
12.638993 1.038924 -0.802997 0.480408 0.097180
12.659786 1.036431 -0.788703 0.478100 0.088958
12.688998 0.983443 -0.754865 0.492265 0.067214
12.666615 0.989164 -0.765502 0.493031 0.077112
12.681669 1.032850 -0.776314 0.475624 0.080136
12.704427 1.028215 -0.765948 0.472949 0.070607
12.735961 0.970334 -0.740355 0.490497 0.044401
12.712189 0.977144 -0.746456 0.491427 0.056396
12.727845 1.022577 -0.757701 0.470044 0.060256
12.751693 1.015987 -0.751656 0.466877 0.048972
12.784336 0.955432 -0.735298 0.488367 0.016918
12.760087 0.963076 -0.736625 0.489494 0.031448
12.775743 1.008504 -0.747871 0.463295 0.036216
12.799766 1.000204 -0.746380 0.459291 0.021952
12.808472 0.947485 -0.736387 0.487104 0.000613
12.823526 0.991171 -0.747200 0.454716 0.005660
12.534700 1.008681 -0.928459 0.497961 0.140801
12.532168 1.008426 -0.936044 0.498113 0.142761
12.531702 1.008156 -0.938993 0.498169 0.143490
12.538349 1.026358 -0.940484 0.493429 0.143582
12.537705 1.025576 -0.943305 0.493627 0.144288
12.541319 1.027889 -0.933212 0.492898 0.141691
12.768234 1.058075 -0.772002 0.444328 0.057362
12.744308 1.064464 -0.777948 0.449776 0.068087
12.720651 1.069498 -0.785900 0.454690 0.077761
12.760941 1.101228 -0.806362 0.431499 0.079836
12.737044 1.105734 -0.813903 0.438144 0.088286
12.784948 1.095019 -0.800552 0.424255 0.070624
12.815989 1.041487 -0.766332 0.431844 0.032788
12.792205 1.050392 -0.768117 0.438444 0.045779
12.808838 1.087156 -0.796532 0.416066 0.060209
12.832383 1.077723 -0.794336 0.406908 0.048564
12.839355 1.031450 -0.766668 0.424437 0.018208
12.855350 1.066803 -0.793990 0.396448 0.035263
12.548280 1.045598 -0.941773 0.488112 0.143565
12.544847 1.042894 -0.948475 0.489002 0.145317
12.544019 1.041640 -0.951069 0.489333 0.145970
12.551414 1.057408 -0.959694 0.484989 0.147869
12.550397 1.055738 -0.961964 0.485442 0.148445
12.555312 1.061143 -0.953784 0.483775 0.146324
12.596770 1.069471 -0.870210 0.477491 0.122652
12.581018 1.064445 -0.889044 0.480583 0.128740
12.567269 1.058186 -0.908515 0.483511 0.134506
12.591624 1.087886 -0.907164 0.473482 0.133232
12.576582 1.078769 -0.924423 0.477485 0.138324
12.608588 1.095589 -0.890399 0.469257 0.127858
12.633241 1.075308 -0.835967 0.470827 0.109532
12.614244 1.073108 -0.852444 0.474246 0.116263
12.627160 1.101664 -0.874514 0.464822 0.122218
12.647138 1.106024 -0.859707 0.460152 0.116277
12.675071 1.075320 -0.807500 0.463338 0.094787
12.653583 1.076045 -0.820939 0.467204 0.102398
12.668323 1.108628 -0.846117 0.455202 0.109982
12.690511 1.109447 -0.833877 0.449924 0.103270
12.697499 1.073128 -0.795783 0.459186 0.086611
12.713493 1.108481 -0.823105 0.444261 0.096066
12.620072 1.117040 -0.915648 0.462255 0.134631
12.601932 1.107138 -0.929824 0.467441 0.139072
12.585632 1.095674 -0.944321 0.472353 0.143279
12.611547 1.121488 -0.956131 0.462600 0.145939
12.594075 1.108274 -0.967420 0.468247 0.149112
12.630786 1.133027 -0.944961 0.456639 0.142591
12.660642 1.131245 -0.889398 0.451078 0.125059
12.639717 1.125112 -0.902119 0.456812 0.129970
12.651427 1.142592 -0.934163 0.450385 0.139077
12.673240 1.150047 -0.923867 0.443796 0.135376
12.705516 1.137473 -0.866868 0.438517 0.114303
12.682646 1.135380 -0.877610 0.445000 0.119855
12.696008 1.155319 -0.914169 0.436815 0.131454
12.719514 1.158365 -0.905166 0.429371 0.127272
12.752975 1.135485 -0.848927 0.424012 0.101883
12.729035 1.137509 -0.857276 0.431552 0.108339
12.743533 1.159142 -0.896948 0.421382 0.122784
12.767833 1.157659 -0.889583 0.412753 0.117938
12.801190 1.125356 -0.836260 0.406634 0.087002
12.777105 1.131422 -0.841899 0.415771 0.094826
12.792182 1.153919 -0.883154 0.403381 0.112673
12.816341 1.147967 -0.877716 0.393164 0.106934
12.848312 1.107474 -0.829360 0.385698 0.069076
12.825003 1.117349 -0.832069 0.396766 0.078553
12.840079 1.139847 -0.873323 0.381613 0.100446
12.863172 1.129648 -0.870016 0.368697 0.093191
12.870892 1.095830 -0.828161 0.373277 0.058441
12.885390 1.117463 -0.867833 0.353945 0.084906
12.562146 1.073907 -0.968811 0.480070 0.149888
12.557795 1.069325 -0.973723 0.481563 0.151166
12.556595 1.067316 -0.975591 0.482119 0.151642
12.563747 1.078209 -0.990009 0.478832 0.155058
12.562376 1.075943 -0.991410 0.479471 0.155417
12.568521 1.083419 -0.986252 0.477119 0.154096
12.829809 1.161925 -0.923354 0.383151 0.128808
12.805585 1.167811 -0.928572 0.394586 0.132540
12.781044 1.171354 -0.934346 0.404900 0.135906
12.876382 1.143343 -0.914779 0.356951 0.120257
12.853482 1.153738 -0.918742 0.370802 0.124777
12.898279 1.130827 -0.911505 0.341407 0.115184
12.574187 1.089292 -1.005455 0.475060 0.158806
12.569038 1.083694 -1.007939 0.476929 0.159416
12.567517 1.081273 -1.008828 0.477624 0.159643
12.640310 1.142901 -0.977234 0.452762 0.151528
12.620093 1.130344 -0.985093 0.459253 0.153646
12.601580 1.116049 -0.992852 0.465402 0.155653
12.684438 1.161653 -0.961814 0.438774 0.146962
12.661840 1.153381 -0.969442 0.445950 0.149304
12.731956 1.171258 -0.947333 0.423053 0.141831
12.707886 1.167629 -0.954421 0.431168 0.144479
12.756423 1.172506 -0.940619 0.414336 0.138986
12.585543 1.101087 -1.000091 0.470988 0.157477
12.579077 1.094386 -0.978179 0.473379 0.151995
12.590959 1.103409 -1.023156 0.469685 0.163313
12.571803 1.083531 -0.958279 0.476817 0.147101
12.564006 1.068969 -0.941135 0.481123 0.142951
12.555983 1.051233 -0.927429 0.486172 0.139746
12.548039 1.031022 -0.917662 0.491739 0.137560
12.540488 1.009110 -0.912236 0.497631 0.136530
12.533612 0.986336 -0.911334 0.503611 0.136642
12.527679 0.963572 -0.915016 0.509448 0.137945
12.522916 0.941701 -0.923114 0.514930 0.140336
12.519507 0.921557 -0.935344 0.519824 0.143774
12.517579 0.903912 -0.951210 0.523974 0.148082
12.517215 0.889460 -0.970125 0.527180 0.153131
12.518417 0.878730 -0.991342 0.529365 0.158698
12.521152 0.872166 -1.014063 0.530395 0.164590
12.525302 0.869986 -1.037404 0.530283 0.170570
12.530719 0.872308 -1.060472 0.528979 0.176407
12.537186 0.879013 -1.082381 0.526588 0.181890
12.544457 0.889863 -1.102283 0.523150 0.186784
12.552255 0.904426 -1.119425 0.518842 0.190933
12.560279 0.922161 -1.133133 0.513793 0.194139
12.568221 0.942372 -1.142898 0.508225 0.196324
12.575772 0.964285 -1.148323 0.502334 0.197353
12.582650 0.987063 -1.149228 0.496354 0.197241
12.588581 1.009823 -1.145544 0.490517 0.195937
12.593346 1.031694 -1.137446 0.485035 0.193545
12.596754 1.051838 -1.125218 0.480142 0.190107
12.598681 1.069483 -1.109350 0.475993 0.185800
12.599046 1.083935 -1.090438 0.472787 0.180751
12.597843 1.094665 -1.069218 0.470602 0.175184
12.595109 1.101228 -1.046499 0.469573 0.169293
Indices:
0 1 2
0 2 3
1 4 5
1 5 2
2 5 6
2 6 7
3 2 7
3 7 8
9 10 11
9 11 12
10 0 3
10 3 11
11 3 8
11 8 13
12 11 13
12 13 14
15 16 17
15 17 18
16 9 12
16 12 17
17 12 14
17 14 19
18 17 19
18 19 20
21 22 23
21 23 24
22 15 18
22 18 23
23 18 20
23 20 25
24 23 25
24 25 26
27 28 29
27 29 30
28 21 24
28 24 29
29 24 26
29 26 31
30 29 31
30 31 32
33 27 30
33 30 34
34 30 32
34 32 35
36 37 38
36 38 39
37 40 41
37 41 38
38 41 42
38 42 43
39 38 43
39 43 44
4 45 46
4 46 5
45 47 48
45 48 46
46 48 49
46 49 50
5 46 50
5 50 6
6 50 51
6 51 52
50 49 53
50 53 51
51 53 54
51 54 55
52 51 55
52 55 56
8 7 57
8 57 58
7 6 52
7 52 57
57 52 56
57 56 59
58 57 59
58 59 60
14 13 61
14 61 62
13 8 58
13 58 61
61 58 60
61 60 63
62 61 63
62 63 64
20 19 65
20 65 66
19 14 62
19 62 65
65 62 64
65 64 67
66 65 67
66 67 68
26 25 69
26 69 70
25 20 66
25 66 69
69 66 68
69 68 71
70 69 71
70 71 72
32 31 73
32 73 74
31 26 70
31 70 73
73 70 72
73 72 75
74 73 75
74 75 76
35 32 74
35 74 77
77 74 76
77 76 78
44 43 79
44 79 80
43 42 81
43 81 79
79 81 82
79 82 83
80 79 83
80 83 84
72 71 85
72 85 86
71 68 87
71 87 85
85 87 88
85 88 89
86 85 89
86 89 90
76 75 91
76 91 92
75 72 86
75 86 91
91 86 90
91 90 93
92 91 93
92 93 94
78 76 92
78 92 95
95 92 94
95 94 96
84 83 97
84 97 98
83 82 99
83 99 97
97 99 100
97 100 101
98 97 101
98 101 102
56 55 103
56 103 104
55 54 105
55 105 103
103 105 106
103 106 107
104 103 107
104 107 108
60 59 109
60 109 110
59 56 104
59 104 109
109 104 108
109 108 111
110 109 111
110 111 112
64 63 113
64 113 114
63 60 110
63 110 113
113 110 112
113 112 115
114 113 115
114 115 116
68 67 117
68 117 87
67 64 114
67 114 117
117 114 116
117 116 118
87 117 118
87 118 88
112 111 119
112 119 120
111 108 121
111 121 119
119 121 122
119 122 123
120 119 123
120 123 124
116 115 125
116 125 126
115 112 120
115 120 125
125 120 124
125 124 127
126 125 127
126 127 128
88 118 129
88 129 130
118 116 126
118 126 129
129 126 128
129 128 131
130 129 131
130 131 132
90 89 133
90 133 134
89 88 130
89 130 133
133 130 132
133 132 135
134 133 135
134 135 136
94 93 137
94 137 138
93 90 134
93 134 137
137 134 136
137 136 139
138 137 139
138 139 140
96 94 138
96 138 141
141 138 140
141 140 142
102 101 143
102 143 144
101 100 145
101 145 143
143 145 146
143 146 147
144 143 147
144 147 148
108 107 149
108 149 121
107 106 150
107 150 149
149 150 151
149 151 152
121 149 152
121 152 122
140 139 153
140 153 154
139 136 155
139 155 153
153 155 156
153 156 157
154 153 157
154 157 158
142 140 154
142 154 159
159 154 158
159 158 160
148 147 161
148 161 162
147 146 163
147 163 161
161 163 164
161 164 165
162 161 165
162 165 166
122 152 167
122 167 168
152 151 169
152 169 167
167 169 170
167 170 171
168 167 171
168 171 172
124 123 173
124 173 174
123 122 168
123 168 173
173 168 172
173 172 175
174 173 175
174 175 176
128 127 177
128 177 178
127 124 174
127 174 177
177 174 176
177 176 179
178 177 179
178 179 180
132 131 181
132 181 182
131 128 178
131 178 181
181 178 180
181 180 183
182 181 183
182 183 184
136 135 185
136 185 155
135 132 182
135 182 185
185 182 184
185 184 186
155 185 186
155 186 156
176 175 187
176 187 188
175 172 189
175 189 187
187 189 190
187 190 191
188 187 191
188 191 192
180 179 193
180 193 194
179 176 188
179 188 193
193 188 192
193 192 195
194 193 195
194 195 196
184 183 197
184 197 198
183 180 194
183 194 197
197 194 196
197 196 199
198 197 199
198 199 200
156 186 201
156 201 202
186 184 198
186 198 201
201 198 200
201 200 203
202 201 203
202 203 204
158 157 205
158 205 206
157 156 202
157 202 205
205 202 204
205 204 207
206 205 207
206 207 208
160 158 206
160 206 209
209 206 208
209 208 210
166 165 211
166 211 212
165 164 213
165 213 211
211 213 214
211 214 215
212 211 215
212 215 216
172 171 217
172 217 189
171 170 218
171 218 217
217 218 219
217 219 220
189 217 220
189 220 190
208 207 221
208 221 222
207 204 223
207 223 221
221 223 224
221 224 225
222 221 225
222 225 226
210 208 222
210 222 227
227 222 226
227 226 228
216 215 229
216 229 230
215 214 231
215 231 229
229 231 232
229 232 233
230 229 233
230 233 234
190 220 235
190 235 236
220 219 237
220 237 235
235 237 238
235 238 239
236 235 239
236 239 240
192 191 241
192 241 242
191 190 236
191 236 241
241 236 240
241 240 243
242 241 243
242 243 244
196 195 245
196 245 246
195 192 242
195 242 245
245 242 244
245 244 247
246 245 247
246 247 248
200 199 249
200 249 250
199 196 246
199 246 249
249 246 248
249 248 251
250 249 251
250 251 252
204 203 253
204 253 223
203 200 250
203 250 253
253 250 252
253 252 254
223 253 254
223 254 224
248 247 255
248 255 256
247 244 257
247 257 255
255 257 258
255 258 259
256 255 259
256 259 260
252 251 261
252 261 262
251 248 256
251 256 261
261 256 260
261 260 263
262 261 263
262 263 264
224 254 265
224 265 266
254 252 262
254 262 265
265 262 264
265 264 267
266 265 267
266 267 268
226 225 269
226 269 270
225 224 266
225 266 269
269 266 268
269 268 271
270 269 271
270 271 272
228 226 270
228 270 273
273 270 272
273 272 274
234 233 275
234 275 276
233 232 277
233 277 275
275 277 278
275 278 279
276 275 279
276 279 280
240 239 281
240 281 282
239 238 283
239 283 281
281 283 284
281 284 285
282 281 285
282 285 286
244 243 287
244 287 257
243 240 282
243 282 287
287 282 286
287 286 288
257 287 288
257 288 258
274 272 289
274 289 290
290 289 291
290 291 292
280 279 293
280 293 294
279 278 295
279 295 293
293 295 296
293 296 297
294 293 297
294 297 298
286 285 299
286 299 300
285 284 301
285 301 299
299 301 302
299 302 303
300 299 303
300 303 304
258 288 305
258 305 306
288 286 300
288 300 305
305 300 304
305 304 307
306 305 307
306 307 308
260 259 309
260 309 310
259 258 306
259 306 309
309 306 308
309 308 311
310 309 311
310 311 312
264 263 313
264 313 314
263 260 310
263 310 313
313 310 312
313 312 315
314 313 315
314 315 316
268 267 317
268 317 318
267 264 314
267 314 317
317 314 316
317 316 319
318 317 319
318 319 320
272 271 321
272 321 289
271 268 318
271 318 321
321 318 320
321 320 322
289 321 322
289 322 291
316 315 323
316 323 324
315 312 325
315 325 323
323 325 326
323 326 327
324 323 327
324 327 328
320 319 329
320 329 330
319 316 324
319 324 329
329 324 328
329 328 331
330 329 331
330 331 332
291 322 333
291 333 334
322 320 330
322 330 333
333 330 332
333 332 335
334 333 335
334 335 336
292 291 334
292 334 337
337 334 336
337 336 338
298 297 339
298 339 340
297 296 341
297 341 339
339 341 342
339 342 343
340 339 343
340 343 344
304 303 345
304 345 346
303 302 347
303 347 345
345 347 348
345 348 349
346 345 349
346 349 350
308 307 351
308 351 352
307 304 346
307 346 351
351 346 350
351 350 353
352 351 353
352 353 354
312 311 355
312 355 325
311 308 352
311 352 355
355 352 354
355 354 356
325 355 356
325 356 326
344 343 357
344 357 358
343 342 359
343 359 357
357 359 360
357 360 361
358 357 361
358 361 362
350 349 363
350 363 364
349 348 365
349 365 363
363 365 366
363 366 367
364 363 367
364 367 368
354 353 369
354 369 370
353 350 364
353 364 369
369 364 368
369 368 371
370 369 371
370 371 372
326 356 373
326 373 374
356 354 370
356 370 373
373 370 372
373 372 375
374 373 375
374 375 376
328 327 377
328 377 378
327 326 374
327 374 377
377 374 376
377 376 379
378 377 379
378 379 380
332 331 381
332 381 382
331 328 378
331 378 381
381 378 380
381 380 383
382 381 383
382 383 384
336 335 385
336 385 386
335 332 382
335 382 385
385 382 384
385 384 387
386 385 387
386 387 388
338 336 386
338 386 389
389 386 388
389 388 390
380 379 391
380 391 392
379 376 393
379 393 391
391 393 394
391 394 395
392 391 395
392 395 396
384 383 397
384 397 398
383 380 392
383 392 397
397 392 396
397 396 399
398 397 399
398 399 400
388 387 401
388 401 402
387 384 398
387 398 401
401 398 400
401 400 403
402 401 403
402 403 404
390 388 402
390 402 405
405 402 404
405 404 406
362 361 407
362 407 408
361 360 409
361 409 407
407 409 410
407 410 411
408 407 411
408 411 412
368 367 413
368 413 414
367 366 415
367 415 413
413 415 416
413 416 417
414 413 417
414 417 418
372 371 419
372 419 420
371 368 414
371 414 419
419 414 418
419 418 421
420 419 421
420 421 422
376 375 423
376 423 393
375 372 420
375 420 423
423 420 422
423 422 424
393 423 424
393 424 394
418 417 425
418 425 426
417 416 427
417 427 425
425 427 428
425 428 429
426 425 429
426 429 430
422 421 431
422 431 432
421 418 426
421 426 431
431 426 430
431 430 433
432 431 433
432 433 434
394 424 435
394 435 436
424 422 432
424 432 435
435 432 434
435 434 437
436 435 437
436 437 438
396 395 439
396 439 440
395 394 436
395 436 439
439 436 438
439 438 441
440 439 441
440 441 442
400 399 443
400 443 444
399 396 440
399 440 443
443 440 442
443 442 445
444 443 445
444 445 446
404 403 447
404 447 448
403 400 444
403 444 447
447 444 446
447 446 449
448 447 449
448 449 450
406 404 448
406 448 451
451 448 450
451 450 452
412 411 453
412 453 454
411 410 455
411 455 453
453 455 456
453 456 457
454 453 457
454 457 458
446 445 459
446 459 460
445 442 461
445 461 459
459 461 462
459 462 463
460 459 463
460 463 464
450 449 465
450 465 466
449 446 460
449 460 465
465 460 464
465 464 467
466 465 467
466 467 468
452 450 466
452 466 469
469 466 468
469 468 470
458 457 471
458 471 472
457 456 473
457 473 471
471 473 474
471 474 475
472 471 475
472 475 476
430 429 477
430 477 478
429 428 479
429 479 477
477 479 480
477 480 481
478 477 481
478 481 482
434 433 483
434 483 484
433 430 478
433 478 483
483 478 482
483 482 485
484 483 485
484 485 486
438 437 487
438 487 488
437 434 484
437 484 487
487 484 486
487 486 489
488 487 489
488 489 490
442 441 491
442 491 461
441 438 488
441 488 491
491 488 490
491 490 492
461 491 492
461 492 462
482 481 493
482 493 494
481 480 495
481 495 493
493 495 496
493 496 497
494 493 497
494 497 498
486 485 499
486 499 500
485 482 494
485 494 499
499 494 498
499 498 501
500 499 501
500 501 502
490 489 503
490 503 504
489 486 500
489 500 503
503 500 502
503 502 505
504 503 505
504 505 506
462 492 507
462 507 508
492 490 504
492 504 507
507 504 506
507 506 509
508 507 509
508 509 510
464 463 511
464 511 512
463 462 508
463 508 511
511 508 510
511 510 513
512 511 513
512 513 514
468 467 515
468 515 516
467 464 512
467 512 515
515 512 514
515 514 517
516 515 517
516 517 518
470 468 516
470 516 519
519 516 518
519 518 520
476 475 521
476 521 522
475 474 523
475 523 521
521 523 524
521 524 525
522 521 525
522 525 526
514 513 527
514 527 528
513 510 529
513 529 527
527 529 15
527 15 22
528 527 22
528 22 21
518 517 530
518 530 531
517 514 528
517 528 530
530 528 21
530 21 28
531 530 28
531 28 27
520 518 531
520 531 532
532 531 27
532 27 33
526 525 533
526 533 534
525 524 535
525 535 533
533 535 40
533 40 37
534 533 37
534 37 36
498 497 536
498 536 537
497 496 538
497 538 536
536 538 47
536 47 45
537 536 45
537 45 4
502 501 539
502 539 540
501 498 537
501 537 539
539 537 4
539 4 1
540 539 1
540 1 0
506 505 541
506 541 542
505 502 540
505 540 541
541 540 0
541 0 10
542 541 10
542 10 9
510 509 543
510 543 529
509 506 542
509 542 543
543 542 9
543 9 16
529 543 16
529 16 15
496 544 545
496 545 538
544 526 534
544 534 545
545 534 36
545 36 546
538 545 546
538 546 47
480 547 548
480 548 495
547 476 522
547 522 548
548 522 526
548 526 544
495 548 544
495 544 496
428 549 550
428 550 479
549 458 472
549 472 550
550 472 476
550 476 547
479 550 547
479 547 480
416 551 552
416 552 427
551 412 454
551 454 552
552 454 458
552 458 549
427 552 549
427 549 428
366 553 554
366 554 415
553 362 408
553 408 554
554 408 412
554 412 551
415 554 551
415 551 416
348 555 556
348 556 365
555 344 358
555 358 556
556 358 362
556 362 553
365 556 553
365 553 366
302 557 558
302 558 347
557 298 340
557 340 558
558 340 344
558 344 555
347 558 555
347 555 348
284 559 560
284 560 301
559 280 294
559 294 560
560 294 298
560 298 557
301 560 557
301 557 302
238 561 562
238 562 283
561 234 276
561 276 562
562 276 280
562 280 559
283 562 559
283 559 284
219 563 564
219 564 237
563 216 230
563 230 564
564 230 234
564 234 561
237 564 561
237 561 238
170 565 566
170 566 218
565 166 212
565 212 566
566 212 216
566 216 563
218 566 563
218 563 219
151 567 568
151 568 169
567 148 162
567 162 568
568 162 166
568 166 565
169 568 565
169 565 170
106 569 570
106 570 150
569 102 144
569 144 570
570 144 148
570 148 567
150 570 567
150 567 151
54 571 572
54 572 105
571 84 98
571 98 572
572 98 102
572 102 569
105 572 569
105 569 106
49 573 574
49 574 53
573 44 80
573 80 574
574 80 84
574 84 571
53 574 571
53 571 54
47 546 575
47 575 48
546 36 39
546 39 575
575 39 44
575 44 573
48 575 573
48 573 49
576 577 578
576 578 579
579 578 580
579 580 581
578 582 583
578 583 580
577 584 582
577 582 578
585 586 587
585 587 588
588 587 577
588 577 576
587 589 584
587 584 577
586 590 589
586 589 587
591 592 593
591 593 594
594 593 586
594 586 585
593 595 590
593 590 586
592 596 595
592 595 593
597 598 599
597 599 600
600 599 592
600 592 591
599 601 596
599 596 592
598 602 601
598 601 599
603 604 605
603 605 606
606 605 598
606 598 597
605 607 602
605 602 598
604 608 607
604 607 605
609 610 604
609 604 603
610 611 608
610 608 604
612 613 614
612 614 615
615 614 616
615 616 617
614 618 619
614 619 616
613 620 618
613 618 614
581 580 621
581 621 622
622 621 623
622 623 624
621 625 626
621 626 623
580 583 625
580 625 621
583 627 628
583 628 625
625 628 629
625 629 626
628 630 631
628 631 629
627 632 630
627 630 628
584 633 634
584 634 582
582 634 627
582 627 583
634 635 632
634 632 627
633 636 635
633 635 634
590 637 638
590 638 589
589 638 633
589 633 584
638 639 636
638 636 633
637 640 639
637 639 638
596 641 642
596 642 595
595 642 637
595 637 590
642 643 640
642 640 637
641 644 643
641 643 642
602 645 646
602 646 601
601 646 641
601 641 596
646 647 644
646 644 641
645 648 647
645 647 646
608 649 650
608 650 607
607 650 645
607 645 602
650 651 648
650 648 645
649 652 651
649 651 650
611 653 649
611 649 608
653 654 652
653 652 649
620 655 656
620 656 618
618 656 657
618 657 619
656 658 659
656 659 657
655 660 658
655 658 656
648 661 662
648 662 647
647 662 663
647 663 644
662 664 665
662 665 663
661 666 664
661 664 662
652 667 668
652 668 651
651 668 661
651 661 648
668 669 666
668 666 661
667 670 669
667 669 668
654 671 667
654 667 652
671 672 670
671 670 667
660 673 674
660 674 658
658 674 675
658 675 659
674 676 677
674 677 675
673 678 676
673 676 674
632 679 680
632 680 630
630 680 681
630 681 631
680 682 683
680 683 681
679 684 682
679 682 680
636 685 686
636 686 635
635 686 679
635 679 632
686 687 684
686 684 679
685 688 687
685 687 686
640 689 690
640 690 639
639 690 685
639 685 636
690 691 688
690 688 685
689 692 691
689 691 690
644 663 693
644 693 643
643 693 689
643 689 640
693 694 692
693 692 689
663 665 694
663 694 693
688 695 696
688 696 687
687 696 697
687 697 684
696 698 699
696 699 697
695 700 698
695 698 696
692 701 702
692 702 691
691 702 695
691 695 688
702 703 700
702 700 695
701 704 703
701 703 702
665 705 706
665 706 694
694 706 701
694 701 692
706 707 704
706 704 701
705 708 707
705 707 706
666 709 710
666 710 664
664 710 705
664 705 665
710 711 708
710 708 705
709 712 711
709 711 710
670 713 714
670 714 669
669 714 709
669 709 666
714 715 712
714 712 709
713 716 715
713 715 714
672 717 713
672 713 670
717 718 716
717 716 713
678 719 720
678 720 676
676 720 721
676 721 677
720 722 723
720 723 721
719 724 722
719 722 720
684 697 725
684 725 682
682 725 726
682 726 683
725 727 728
725 728 726
697 699 727
697 727 725
716 729 730
716 730 715
715 730 731
715 731 712
730 732 733
730 733 731
729 734 732
729 732 730
718 735 729
718 729 716
735 736 734
735 734 729
724 737 738
724 738 722
722 738 739
722 739 723
738 740 741
738 741 739
737 742 740
737 740 738
699 743 744
699 744 727
727 744 745
727 745 728
744 746 747
744 747 745
743 748 746
743 746 744
700 749 750
700 750 698
698 750 743
698 743 699
750 751 748
750 748 743
749 752 751
749 751 750
704 753 754
704 754 703
703 754 749
703 749 700
754 755 752
754 752 749
753 756 755
753 755 754
708 757 758
708 758 707
707 758 753
707 753 704
758 759 756
758 756 753
757 760 759
757 759 758
712 731 761
712 761 711
711 761 757
711 757 708
761 762 760
761 760 757
731 733 762
731 762 761
752 763 764
752 764 751
751 764 765
751 765 748
764 766 767
764 767 765
763 768 766
763 766 764
756 769 770
756 770 755
755 770 763
755 763 752
770 771 768
770 768 763
769 772 771
769 771 770
760 773 774
760 774 759
759 774 769
759 769 756
774 775 772
774 772 769
773 776 775
773 775 774
733 777 778
733 778 762
762 778 773
762 773 760
778 779 776
778 776 773
777 780 779
777 779 778
734 781 782
734 782 732
732 782 777
732 777 733
782 783 780
782 780 777
781 784 783
781 783 782
736 785 781
736 781 734
785 786 784
785 784 781
742 787 788
742 788 740
740 788 789
740 789 741
788 790 791
788 791 789
787 792 790
787 790 788
748 765 793
748 793 746
746 793 794
746 794 747
793 795 796
793 796 794
765 767 795
765 795 793
784 797 798
784 798 783
783 798 799
783 799 780
798 800 801
798 801 799
797 802 800
797 800 798
786 803 797
786 797 784
803 804 802
803 802 797
792 805 806
792 806 790
790 806 807
790 807 791
806 808 809
806 809 807
805 810 808
805 808 806
767 811 812
767 812 795
795 812 813
795 813 796
812 814 815
812 815 813
811 816 814
811 814 812
768 817 818
768 818 766
766 818 811
766 811 767
818 819 816
818 816 811
817 820 819
817 819 818
772 821 822
772 822 771
771 822 817
771 817 768
822 823 820
822 820 817
821 824 823
821 823 822
776 825 826
776 826 775
775 826 821
775 821 772
826 827 824
826 824 821
825 828 827
825 827 826
780 799 829
780 829 779
779 829 825
779 825 776
829 830 828
829 828 825
799 801 830
799 830 829
824 831 832
824 832 823
823 832 833
823 833 820
832 834 835
832 835 833
831 836 834
831 834 832
828 837 838
828 838 827
827 838 831
827 831 824
838 839 836
838 836 831
837 840 839
837 839 838
801 841 842
801 842 830
830 842 837
830 837 828
842 843 840
842 840 837
841 844 843
841 843 842
802 845 846
802 846 800
800 846 841
800 841 801
846 847 844
846 844 841
845 848 847
845 847 846
804 849 845
804 845 802
849 850 848
849 848 845
810 851 852
810 852 808
808 852 853
808 853 809
852 854 855
852 855 853
851 856 854
851 854 852
816 857 858
816 858 814
814 858 859
814 859 815
858 860 861
858 861 859
857 862 860
857 860 858
820 833 863
820 863 819
819 863 857
819 857 816
863 864 862
863 862 857
833 835 864
833 864 863
850 865 866
850 866 848
865 867 868
865 868 866
856 869 870
856 870 854
854 870 871
854 871 855
870 872 873
870 873 871
869 874 872
869 872 870
862 875 876
862 876 860
860 876 877
860 877 861
876 878 879
876 879 877
875 880 878
875 878 876
835 881 882
835 882 864
864 882 875
864 875 862
882 883 880
882 880 875
881 884 883
881 883 882
836 885 886
836 886 834
834 886 881
834 881 835
886 887 884
886 884 881
885 888 887
885 887 886
840 889 890
840 890 839
839 890 885
839 885 836
890 891 888
890 888 885
889 892 891
889 891 890
844 893 894
844 894 843
843 894 889
843 889 840
894 895 892
894 892 889
893 896 895
893 895 894
848 866 897
848 897 847
847 897 893
847 893 844
897 898 896
897 896 893
866 868 898
866 898 897
892 899 900
892 900 891
891 900 901
891 901 888
900 902 903
900 903 901
899 904 902
899 902 900
896 905 906
896 906 895
895 906 899
895 899 892
906 907 904
906 904 899
905 908 907
905 907 906
868 909 910
868 910 898
898 910 905
898 905 896
910 911 908
910 908 905
909 912 911
909 911 910
867 913 909
867 909 868
913 914 912
913 912 909
874 915 916
874 916 872
872 916 917
872 917 873
916 918 919
916 919 917
915 920 918
915 918 916
880 921 922
880 922 878
878 922 923
878 923 879
922 924 925
922 925 923
921 926 924
921 924 922
884 927 928
884 928 883
883 928 921
883 921 880
928 929 926
928 926 921
927 930 929
927 929 928
888 901 931
888 931 887
887 931 927
887 927 884
931 932 930
931 930 927
901 903 932
901 932 931
920 933 934
920 934 918
918 934 935
918 935 919
934 936 937
934 937 935
933 938 936
933 936 934
926 939 940
926 940 924
924 940 941
924 941 925
940 942 943
940 943 941
939 944 942
939 942 940
930 945 946
930 946 929
929 946 939
929 939 926
946 947 944
946 944 939
945 948 947
945 947 946
903 949 950
903 950 932
932 950 945
932 945 930
950 951 948
950 948 945
949 952 951
949 951 950
904 953 954
904 954 902
902 954 949
902 949 903
954 955 952
954 952 949
953 956 955
953 955 954
908 957 958
908 958 907
907 958 953
907 953 904
958 959 956
958 956 953
957 960 959
957 959 958
912 961 962
912 962 911
911 962 957
911 957 908
962 963 960
962 960 957
961 964 963
961 963 962
914 965 961
914 961 912
965 966 964
965 964 961
956 967 968
956 968 955
955 968 969
955 969 952
968 970 971
968 971 969
967 972 970
967 970 968
960 973 974
960 974 959
959 974 967
959 967 956
974 975 972
974 972 967
973 976 975
973 975 974
964 977 978
964 978 963
963 978 973
963 973 960
978 979 976
978 976 973
977 980 979
977 979 978
966 981 977
966 977 964
981 982 980
981 980 977
938 983 984
938 984 936
936 984 985
936 985 937
984 986 987
984 987 985
983 988 986
983 986 984
944 989 990
944 990 942
942 990 991
942 991 943
990 992 993
990 993 991
989 994 992
989 992 990
948 995 996
948 996 947
947 996 989
947 989 944
996 997 994
996 994 989
995 998 997
995 997 996
952 969 999
952 999 951
951 999 995
951 995 948
999 1000 998
999 998 995
969 971 1000
969 1000 999
994 1001 1002
994 1002 992
992 1002 1003
992 1003 993
1002 1004 1005
1002 1005 1003
1001 1006 1004
1001 1004 1002
998 1007 1008
998 1008 997
997 1008 1001
997 1001 994
1008 1009 1006
1008 1006 1001
1007 1010 1009
1007 1009 1008
971 1011 1012
971 1012 1000
1000 1012 1007
1000 1007 998
1012 1013 1010
1012 1010 1007
1011 1014 1013
1011 1013 1012
972 1015 1016
972 1016 970
970 1016 1011
970 1011 971
1016 1017 1014
1016 1014 1011
1015 1018 1017
1015 1017 1016
976 1019 1020
976 1020 975
975 1020 1015
975 1015 972
1020 1021 1018
1020 1018 1015
1019 1022 1021
1019 1021 1020
980 1023 1024
980 1024 979
979 1024 1019
979 1019 976
1024 1025 1022
1024 1022 1019
1023 1026 1025
1023 1025 1024
982 1027 1023
982 1023 980
1027 1028 1026
1027 1026 1023
988 1029 1030
988 1030 986
986 1030 1031
986 1031 987
1030 1032 1033
1030 1033 1031
1029 1034 1032
1029 1032 1030
1022 1035 1036
1022 1036 1021
1021 1036 1037
1021 1037 1018
1036 1038 1039
1036 1039 1037
1035 1040 1038
1035 1038 1036
1026 1041 1042
1026 1042 1025
1025 1042 1035
1025 1035 1022
1042 1043 1040
1042 1040 1035
1041 1044 1043
1041 1043 1042
1028 1045 1041
1028 1041 1026
1045 1046 1044
1045 1044 1041
1034 1047 1048
1034 1048 1032
1032 1048 1049
1032 1049 1033
1048 1050 1051
1048 1051 1049
1047 1052 1050
1047 1050 1048
1006 1053 1054
1006 1054 1004
1004 1054 1055
1004 1055 1005
1054 1056 1057
1054 1057 1055
1053 1058 1056
1053 1056 1054
1010 1059 1060
1010 1060 1009
1009 1060 1053
1009 1053 1006
1060 1061 1058
1060 1058 1053
1059 1062 1061
1059 1061 1060
1014 1063 1064
1014 1064 1013
1013 1064 1059
1013 1059 1010
1064 1065 1062
1064 1062 1059
1063 1066 1065
1063 1065 1064
1018 1037 1067
1018 1067 1017
1017 1067 1063
1017 1063 1014
1067 1068 1066
1067 1066 1063
1037 1039 1068
1037 1068 1067
1058 1069 1070
1058 1070 1056
1056 1070 1071
1056 1071 1057
1070 1072 1073
1070 1073 1071
1069 1074 1072
1069 1072 1070
1062 1075 1076
1062 1076 1061
1061 1076 1069
1061 1069 1058
1076 1077 1074
1076 1074 1069
1075 1078 1077
1075 1077 1076
1066 1079 1080
1066 1080 1065
1065 1080 1075
1065 1075 1062
1080 1081 1078
1080 1078 1075
1079 1082 1081
1079 1081 1080
1039 1083 1084
1039 1084 1068
1068 1084 1079
1068 1079 1066
1084 1085 1082
1084 1082 1079
1083 1086 1085
1083 1085 1084
1040 1087 1088
1040 1088 1038
1038 1088 1083
1038 1083 1039
1088 1089 1086
1088 1086 1083
1087 1090 1089
1087 1089 1088
1044 1091 1092
1044 1092 1043
1043 1092 1087
1043 1087 1040
1092 1093 1090
1092 1090 1087
1091 1094 1093
1091 1093 1092
1046 1095 1091
1046 1091 1044
1095 1096 1094
1095 1094 1091
1052 1097 1098
1052 1098 1050
1050 1098 1099
1050 1099 1051
1098 1100 1101
1098 1101 1099
1097 1102 1100
1097 1100 1098
1090 1103 1104
1090 1104 1089
1089 1104 1105
1089 1105 1086
1104 600 591
1104 591 1105
1103 597 600
1103 600 1104
1094 1106 1107
1094 1107 1093
1093 1107 1103
1093 1103 1090
1107 606 597
1107 597 1103
1106 603 606
1106 606 1107
1096 1108 1106
1096 1106 1094
1108 609 603
1108 603 1106
1102 1109 1110
1102 1110 1100
1100 1110 1111
1100 1111 1101
1110 615 617
1110 617 1111
1109 612 615
1109 615 1110
1074 1112 1113
1074 1113 1072
1072 1113 1114
1072 1114 1073
1113 622 624
1113 624 1114
1112 581 622
1112 622 1113
1078 1115 1116
1078 1116 1077
1077 1116 1112
1077 1112 1074
1116 579 581
1116 581 1112
1115 576 579
1115 579 1116
1082 1117 1118
1082 1118 1081
1081 1118 1115
1081 1115 1078
1118 588 576
1118 576 1115
1117 585 588
1117 588 1118
1086 1105 1119
1086 1119 1085
1085 1119 1117
1085 1117 1082
1119 594 585
1119 585 1117
1105 591 594
1105 594 1119
1073 1114 1120
1073 1120 1121
1121 1120 1109
1121 1109 1102
1120 1122 612
1120 612 1109
1114 624 1122
1114 1122 1120
1057 1071 1123
1057 1123 1124
1124 1123 1097
1124 1097 1052
1123 1121 1102
1123 1102 1097
1071 1073 1121
1071 1121 1123
1005 1055 1125
1005 1125 1126
1126 1125 1047
1126 1047 1034
1125 1124 1052
1125 1052 1047
1055 1057 1124
1055 1124 1125
993 1003 1127
993 1127 1128
1128 1127 1029
1128 1029 988
1127 1126 1034
1127 1034 1029
1003 1005 1126
1003 1126 1127
943 991 1129
943 1129 1130
1130 1129 983
1130 983 938
1129 1128 988
1129 988 983
991 993 1128
991 1128 1129
925 941 1131
925 1131 1132
1132 1131 933
1132 933 920
1131 1130 938
1131 938 933
941 943 1130
941 1130 1131
879 923 1133
879 1133 1134
1134 1133 915
1134 915 874
1133 1132 920
1133 920 915
923 925 1132
923 1132 1133
861 877 1135
861 1135 1136
1136 1135 869
1136 869 856
1135 1134 874
1135 874 869
877 879 1134
877 1134 1135
815 859 1137
815 1137 1138
1138 1137 851
1138 851 810
1137 1136 856
1137 856 851
859 861 1136
859 1136 1137
796 813 1139
796 1139 1140
1140 1139 805
1140 805 792
1139 1138 810
1139 810 805
813 815 1138
813 1138 1139
747 794 1141
747 1141 1142
1142 1141 787
1142 787 742
1141 1140 792
1141 792 787
794 796 1140
794 1140 1141
728 745 1143
728 1143 1144
1144 1143 737
1144 737 724
1143 1142 742
1143 742 737
745 747 1142
745 1142 1143
683 726 1145
683 1145 1146
1146 1145 719
1146 719 678
1145 1144 724
1145 724 719
726 728 1144
726 1144 1145
631 681 1147
631 1147 1148
1148 1147 673
1148 673 660
1147 1146 678
1147 678 673
681 683 1146
681 1146 1147
626 629 1149
626 1149 1150
1150 1149 655
1150 655 620
1149 1148 660
1149 660 655
629 631 1148
629 1148 1149
624 623 1151
624 1151 1122
1122 1151 613
1122 613 612
1151 1150 620
1151 620 613
623 626 1150
623 1150 1151
